X-Axis,Ch1 Y-Axis,Ch2 Y-Axis,Ch3 Y-Axis
0.0,-0.07492,0.78742,0.03844
0.000250219702123999,-1.62307,0.01259,-0.5318
0.000500439404247998,-0.98386,0.00222,-0.55284
0.000750659106371997,-0.95056,-0.14002,-0.45721
0.001000878808495996,-0.83569,-0.21001,-0.3983
0.001251098510619995,-0.32405,-0.25296,-0.52939
0.001501318212743994,-0.16934,-0.3786,-0.58413
0.001751537914867993,0.06524,-0.41065,-0.27813
0.002001757616991992,0.18587,-0.42204,-0.10049
0.002251977319115991,0.46277,-0.22217,-0.14684
0.00250219702123999,0.58489,-0.14447,-0.15823
0.002752416723363989,0.31694,-0.2081,-0.00673
0.003002636425487988,0.1904,-0.14546,0.24863
0.003252856127611987,0.09536,-0.00503,0.30289
0.003503075829735986,-0.10974,0.15175,0.23628
0.003753295531859985,-0.36083,0.13925,0.35202
0.004003515233983984,-0.46691,0.18578,0.4992
0.004253734936107983,-0.37868,0.25244,0.53254
0.004503954638231982,-0.34552,0.18504,0.47017
0.004754174340355981,-0.20508,0.20589,0.39195
0.00500439404247998,0.01974,0.13597,0.46642
0.005254613744603979,0.23433,0.08149,0.5004
0.005504833446727978,0.44165,0.11148,0.40993
0.005755053148851977,0.44774,0.04997,0.32276
0.006005272850975976,0.53796,0.08615,0.1965
0.006255492553099975,0.45651,0.13364,0.13472
0.006505712255223974,0.16272,0.22763,0.05031
0.006755931957347973,0.17518,0.32661,-0.0859
0.007006151659471972,-0.05035,0.25163,-0.09524
0.007256371361595971,-0.45323,0.31783,-0.13387
0.00750659106371997,-0.49252,0.2967,-0.18676
0.007756810765843969,-0.50767,0.05221,-0.22719
0.008007030467967968,-0.54158,-0.03929,-0.29895
0.008257250170091967,-0.38508,-0.19375,-0.21727
0.008507469872215966,-0.17545,-0.42156,-0.16674
0.008757689574339965,0.13869,-0.48323,-0.1965
0.009007909276463964,0.3782,-0.57643,-0.13065
0.009258128978587963,0.50436,-0.6953,-0.02172
0.009508348680711962,1.00932,-0.61429,0.12903
0.009758568382835961,1.17831,-0.43628,0.11368
0.01000878808495996,0.9665,-0.29227,0.02294
0.01025900778708396,1.10785,-0.08395,0.10153
0.010509227489207958,0.88064,0.15497,0.1156
0.010759447191331957,0.52199,0.37726,0.02606
0.011009666893455956,0.4406,0.61249,-0.12536
0.011259886595579955,0.13251,0.75733,-0.22103
0.011510106297703954,-0.12351,0.88765,-0.15641
0.011760325999827953,-0.14114,0.99124,-0.20812
0.012010545701951952,-0.02956,0.91753,-0.29363
0.012260765404075951,0.04277,0.86051,-0.2405
0.01251098510619995,0.02817,0.75386,-0.14897
0.01276120480832395,0.23897,0.46599,-0.02451
0.013011424510447948,0.57931,0.22685,-0.00335
0.013261644212571947,0.75595,-0.07097,0.00548
0.013511863914695946,0.77221,-0.45917,0.15299
0.013762083616819945,0.90678,-0.80641,0.24218
0.014012303318943944,1.11019,-1.13727,0.32269
0.014262523021067943,1.05076,-1.2422,0.36452
0.014512742723191942,0.85246,-1.24518,0.31841
0.014762962425315941,0.62914,-1.2148,0.35196
0.01501318212743994,0.53913,-0.98739,0.33732
0.01526340182956394,0.4969,-0.76832,0.34076
0.015513621531687938,0.23635,-0.43379,0.36873
0.015763841233811936,0.20213,-0.0317,0.29999
0.016014060935935936,0.31529,0.28482,0.33058
0.016264280638059937,0.24235,0.69822,0.3409
0.016514500340183935,0.3047,0.95093,0.29449
0.016764720042307932,0.37438,1.05223,0.27673
0.017014939744431933,0.25213,1.17884,0.25803
0.017265159446555933,0.34511,1.10055,0.36805
0.01751537914867993,0.38459,0.94612,0.39527
0.017765598850803928,0.03338,0.77092,0.29309
0.01801581855292793,-0.16153,0.36576,0.31136
0.01826603825505193,-0.29276,-0.065,0.37672
0.018516257957175927,-0.51619,-0.34009,0.35012
0.018766477659299924,-0.86636,-0.55864,0.15454
0.019016697361423925,-1.31571,-0.784,-0.03641
0.019266917063547925,-1.34355,-0.94599,-0.12688
0.019517136765671923,-1.68891,-0.87262,-0.38369
0.01976735646779592,-2.20983,-0.66892,-0.76412
0.02001757616991992,-1.93992,-0.61553,-0.93379
0.02026779587204392,-1.77404,-0.50845,-0.8091
0.02051801557416792,-1.72755,-0.04793,-0.76163
0.020768235276291916,-1.26296,0.37693,-1.03228
0.021018454978415917,-0.88303,0.46392,-1.15017
0.021268674680539917,-0.65015,0.59422,-0.8347
0.021518894382663915,-0.38399,0.83083,-0.4872
0.021769114084787912,-0.01606,0.90979,-0.41392
0.022019333786911913,0.1452,0.84887,-0.398
0.022269553489035913,0.01845,0.70325,-0.09165
0.02251977319115991,0.07562,0.55351,0.25976
0.022769992893283908,0.14881,0.34192,0.25943
0.02302021259540791,0.11098,0.09932,0.1284
0.02327043229753191,0.12625,0.00123,0.21469
0.023520651999655907,0.24047,-0.16071,0.49748
0.023770871701779904,0.33167,-0.26507,0.65563
0.024021091403903905,0.16428,-0.25546,0.56532
0.024271311106027905,0.19796,-0.36655,0.52971
0.024521530808151903,0.37955,-0.35289,0.6279
0.0247717505102759,0.39522,-0.37796,0.69252
0.0250219702123999,0.43225,-0.443,0.69167
0.0252721899145239,0.24983,-0.31321,0.61965
0.0255224096166479,0.27074,-0.35137,0.55211
0.025772629318771896,0.46728,-0.4198,0.43978
0.026022849020895897,0.22495,-0.37918,0.2402
0.026273068723019898,0.05799,-0.3378,0.11036
0.026523288425143895,-0.0788,-0.17993,-0.04676
0.026773508127267892,-0.34366,-0.05711,-0.27382
0.027023727829391893,-0.39956,0.09727,-0.48236
0.027273947531515894,-0.48921,0.2366,-0.66365
0.02752416723363989,-0.53405,0.28646,-0.71345
0.027774386935763888,-0.35231,0.53275,-0.70053
0.02802460663788789,-0.12385,0.70683,-0.66662
0.02827482634001189,0.16532,0.68665,-0.52109
0.028525046042135887,0.40126,0.67696,-0.34437
0.028775265744259884,0.53663,0.49953,-0.19677
0.029025485446383885,0.79057,0.21487,-0.08458
0.029275705148507886,0.89058,0.03211,-0.00284
0.029525924850631883,0.80015,-0.10238,0.04927
0.02977614455275588,0.8792,-0.34219,0.05428
0.03002636425487988,0.75779,-0.56036,0.08125
0.03027658395700388,0.52317,-0.49905,0.06863
0.03052680365912788,0.55644,-0.41844,-0.05812
0.030777023361251876,0.46523,-0.35362,-0.16755
0.031027243063375877,0.3079,-0.11414,-0.1779
0.03127746276549988,0.376,0.04201,-0.08808
0.03152768246762387,0.50889,0.17,-0.0831
0.03177790216974787,0.54992,0.29592,-0.18445
0.03202812187187187,0.5987,0.26237,-0.13265
0.032278341573995874,0.71274,0.25336,-0.00226
0.032528561276119874,0.77899,0.2492,0.12166
0.03277878097824387,0.82659,0.23096,0.16097
0.03302900068036787,0.7794,0.16381,0.12591
0.03327922038249187,0.66217,-0.04851,0.27578
0.033529440084615864,0.59062,-0.17168,0.40236
0.033779659786739864,0.44818,-0.29554,0.38983
0.034029879488863865,0.2756,-0.42878,0.35978
0.034280099190987866,0.05888,-0.48033,0.28416
0.034530318893111867,-0.05009,-0.69035,0.32447
0.03478053859523586,-0.06223,-0.7268,0.32249
0.03503075829735986,-0.3369,-0.61189,0.21106
0.03528097799948386,-0.37964,-0.59575,0.19725
0.035531197701607856,-0.21216,-0.32267,0.1492
0.035781417403731856,-0.38355,-0.03946,0.11217
0.03603163710585586,-0.45808,0.18827,0.04268
0.03628185680797986,-0.4792,0.43823,-0.08126
0.03653207651010386,-0.57742,0.51219,-0.07199
0.03678229621222785,-0.58429,0.71234,-0.11122
0.03703251591435185,-0.7714,0.77917,-0.19454
0.037282735616475854,-1.07065,0.6711,-0.23775
0.03753295531859985,-1.35437,0.71893,-0.25585
0.03778317502072385,-1.42664,0.56801,-0.25133
0.03803339472284785,-1.30966,0.41528,-0.40652
0.03828361442497185,-1.40104,0.38594,-0.54736
0.03853383412709585,-1.42271,0.15653,-0.51242
0.038784053829219844,-1.04222,-0.0533,-0.3862
0.039034273531343845,-0.60341,-0.09243,-0.28012
0.039284493233467846,-0.3896,-0.14682,-0.35887
0.03953471293559184,-0.13036,-0.38639,-0.35125
0.03978493263771584,0.12511,-0.56242,-0.1704
0.04003515233983984,0.14665,-0.46287,-0.09402
0.04028537204196384,0.27495,-0.40907,-0.10305
0.04053559174408784,0.36064,-0.4097,-0.12794
0.040785811446211837,0.10532,-0.38606,-0.01317
0.04103603114833584,-0.09981,-0.36901,0.18955
0.04128625085045984,-0.15916,-0.22378,0.18681
0.04153647055258383,-0.33258,-0.10012,0.16461
0.04178669025470783,-0.5524,-0.00627,0.28591
0.04203690995683183,-0.68062,0.07618,0.41002
0.042287129658955834,-0.66383,0.08182,0.47444
0.042537349361079835,-0.451,0.13233,0.39147
0.04278756906320383,-0.2725,0.0661,0.34938
0.04303778876532783,-0.13213,-0.01448,0.44629
0.04328800846745183,0.08547,0.0024,0.40244
0.043538228169575824,0.2763,-0.08395,0.3043
0.043788447871699825,0.41728,-0.10885,0.21348
0.044038667573823825,0.33391,-0.09555,0.11074
0.044288887275947826,0.25409,-0.04169,0.05158
0.04453910697807183,0.2396,0.15296,-0.1282
0.04478932668019582,-0.13281,0.23477,-0.24498
0.04503954638231982,-0.36357,0.28083,-0.24535
0.04528976608444382,-0.38318,0.29076,-0.29332
0.045539985786567816,-0.7214,0.18625,-0.31282
0.04579020548869182,-0.77195,0.13038,-0.38927
0.04604042519081582,-0.53271,-0.10552,-0.39566
0.04629064489293982,-0.52779,-0.32748,-0.29773
0.04654086459506382,-0.2773,-0.35272,-0.27951
0.04679108429718781,0.11724,-0.61564,-0.22756
0.04704130399931181,0.29079,-0.7873,-0.16232
0.047291523701435814,0.5419,-0.68945,-0.05865
0.04754174340355981,0.85517,-0.71086,0.07175
0.04779196310568381,1.06346,-0.59919,0.05823
0.04804218280780781,1.0393,-0.33032,0.04517
0.04829240250993181,0.8153,-0.20385,0.06133
0.04854262221205581,0.76689,-0.02699,0.05421
0.048792841914179805,0.65854,0.29923,-0.02485
0.049043061616303806,0.23468,0.53457,-0.2302
0.049293281318427806,-0.06587,0.64605,-0.28597
0.0495435010205518,-0.17428,0.83305,-0.26728
0.0497937207226758,-0.21977,0.9709,-0.33428
0.0500439404247998,-0.20998,0.93672,-0.3559
0.0502941601269238,-0.18035,0.88258,-0.3564
0.0505443798290478,-0.08133,0.72125,-0.21437
0.0507945995311718,0.14218,0.45455,-0.07796
0.0510448192332958,0.49393,0.17425,-0.09474
0.0512950389354198,0.65028,-0.16083,-0.01557
0.05154525863754379,0.66594,-0.4888,0.08219
0.05179547833966779,0.81203,-0.85812,0.21509
0.052045698041791794,0.94572,-1.14136,0.34447
0.052295917743915794,1.02751,-1.22926,0.31065
0.052546137446039795,0.82013,-1.28068,0.32859
0.05279635714816379,0.50339,-1.16905,0.32013
0.05304657685028779,0.48537,-1.00372,0.29526
0.05329679655241179,0.47764,-0.80597,0.36067
0.053547016254535784,0.33785,-0.41125,0.29387
0.053797235956659785,0.14665,-0.09711,0.26236
0.054047455658783786,0.16284,0.27454,0.31225
0.054297675360907786,0.35018,0.68369,0.3328
0.05454789506303179,0.25125,0.9351,0.3447
0.05479811476515578,0.24523,1.15932,0.2415
0.05504833446727978,0.4953,1.13574,0.28827
0.05529855416940378,0.36517,1.07833,0.45351
0.055548773871527776,0.09851,1.00272,0.42789
0.05579899357365178,0.07238,0.58252,0.3348
0.05604921327577578,-0.09866,0.22255,0.30592
0.05629943297789978,-0.32648,-0.11069,0.40011
0.05654965268002378,-0.58215,-0.50207,0.35889
0.05679987238214777,-1.02214,-0.67353,0.09009
0.057050092084271774,-1.22435,-0.8333,-0.07232
0.057300311786395774,-1.42863,-0.99567,-0.16422
0.05755053148851977,-1.84655,-0.91614,-0.42648
0.05780075119064377,-2.0965,-0.685,-0.84981
0.05805097089276777,-2.14342,-0.63591,-0.97555
0.05830119059489177,-1.77899,-0.52711,-0.74343
0.05855141029701577,-1.47209,0.02929,-0.78617
0.058801629999139765,-1.4224,0.47186,-1.11436
0.059051849701263766,-0.93483,0.53287,-1.18807
0.05930206940338777,-0.55458,0.61468,-0.8047
0.05955228910551176,-0.37343,0.86877,-0.4286
0.05980250880763576,0.02827,1.01786,-0.45483
0.06005272850975976,0.12023,0.79657,-0.41205
0.06030294821188376,0.03457,0.61174,-0.00858
0.06055316791400776,0.09845,0.55538,0.30846
0.06080338761613176,0.15808,0.27867,0.24182
0.06105360731825576,0.13184,0.03933,0.09266
0.06130382702037976,0.1442,-0.03454,0.26422
0.06155404672250375,0.27995,-0.16238,0.58194
0.06180426642462775,0.3039,-0.27882,0.62649
0.062054486126751754,0.18078,-0.34708,0.52469
0.062304705828875755,0.13941,-0.38119,0.56643
0.06255492553099976,0.28591,-0.39733,0.66064
0.06280514523312375,0.39417,-0.47552,0.69873
0.06305536493524774,0.37474,-0.45016,0.65869
0.06330558463737175,0.34437,-0.3684,0.62409
0.06355580433949574,0.30038,-0.37004,0.59563
0.06380602404161975,0.38967,-0.35753,0.4276
0.06405624374374375,0.37741,-0.35717,0.27695
0.06430646344586774,0.03718,-0.22015,0.14413
0.06455668314799175,-0.09403,-0.07051,-0.05864
0.06480690285011574,-0.04945,-0.04013,-0.24385
0.06505712255223975,-0.36122,0.17386,-0.48252
0.06530734225436374,-0.55346,0.28649,-0.64097
0.06555756195648774,-0.34579,0.30033,-0.71691
0.06580778165861174,-0.22436,0.56091,-0.77883
0.06605800136073574,-0.08312,0.75381,-0.65597
0.06630822106285973,0.19739,0.7649,-0.51271
0.06655844076498374,0.45995,0.70189,-0.3738
0.06680866046710773,0.69852,0.55813,-0.19545
0.06705888016923173,0.79309,0.30604,-0.08718
0.06730909987135573,0.88716,0.05311,0.00904
0.06755931957347973,0.96863,-0.10226,-0.0044
0.06780953927560374,0.83226,-0.37205,0.01753
0.06805975897772773,0.83101,-0.56797,0.13266
0.06830997867985172,0.79891,-0.52695,0.08491
0.06856019838197573,0.55951,-0.4534,-0.0485
0.06881041808409973,0.57141,-0.28302,-0.16975
0.06906063778622373,0.53602,-0.10373,-0.11626
0.06931085748834773,0.46197,0.08644,0.00088
0.06956107719047172,0.59952,0.28648,-0.0963
0.06981129689259573,0.63206,0.29294,-0.14792
0.07006151659471972,0.67839,0.28381,-0.05805
0.07031173629684372,0.75514,0.24749,0.06816
0.07056195599896772,0.81576,0.20774,0.13715
0.07081217570109172,0.87924,0.26615,0.10437
0.07106239540321571,0.80466,0.15215,0.22512
0.07131261510533972,0.7042,0.01167,0.38215
0.07156283480746371,0.61326,-0.0648,0.3849
0.07181305450958772,0.47261,-0.237,0.39067
0.07206327421171171,0.25242,-0.35372,0.35532
0.07231349391383571,0.02962,-0.48344,0.35029
0.07256371361595972,-0.07711,-0.64592,0.37947
0.07281393331808371,-0.07416,-0.71825,0.30212
0.07306415302020772,-0.14931,-0.72883,0.28882
0.07331437272233171,-0.36995,-0.56795,0.25108
0.0735645924244557,-0.2958,-0.36959,0.16614
0.07381481212657971,-0.14305,-0.13925,0.14691
0.0740650318287037,-0.39108,0.23795,0.01596
0.0743152515308277,-0.52524,0.40053,-0.05028
0.07456547123295171,-0.46929,0.53904,-0.03212
0.0748156909350757,-0.68747,0.79745,-0.1214
0.0750659106371997,-0.9314,0.86215,-0.20384
0.0753161303393237,-1.10186,0.85257,-0.3057
0.0755663500414477,-1.3197,0.7468,-0.31234
0.0758165697435717,-1.4327,0.69734,-0.27647
0.0760667894456957,-1.51645,0.65979,-0.44832
0.07631700914781969,-1.40866,0.42302,-0.56084
0.0765672288499437,-1.25333,0.2855,-0.47563
0.0768174485520677,-1.13471,0.08445,-0.3349
0.0770676682541917,-0.57511,-0.10307,-0.29273
0.0773178879563157,-0.14607,-0.17157,-0.36704
0.07756810765843969,-0.05213,-0.37939,-0.28899
0.0778183273605637,0.21724,-0.50715,-0.1203
0.07806854706268769,0.41479,-0.54496,-0.04915
0.07831876676481168,0.49778,-0.45744,-0.06853
0.07856898646693569,0.49538,-0.41057,-0.07887
0.07881920616905969,0.27439,-0.53231,0.09501
0.07906942587118368,0.03436,-0.33846,0.25473
0.07931964557330769,-0.11137,-0.15692,0.25867
0.07956986527543168,-0.25521,-0.1513,0.27946
0.07982008497755569,-0.51996,0.03047,0.35065
0.08007030467967968,-0.68144,0.11071,0.47367
0.08032052438180368,-0.55284,0.15685,0.49337
0.08057074408392768,-0.40613,0.19389,0.40847
0.08082096378605168,-0.24903,0.09522,0.44863
0.08107118348817569,-0.07528,0.06866,0.47674
0.08132140319029968,0.13694,-0.03294,0.44277
0.08157162289242367,0.44728,-0.09899,0.36957
0.08182184259454768,0.5266,-0.08905,0.20553
0.08207206229667167,0.47879,-0.1469,0.13542
0.08232228199879567,0.37971,-0.00256,0.04049
0.08257250170091968,0.19926,0.09854,-0.11913
0.08282272140304367,0.04898,0.16112,-0.17851
0.08307294110516766,-0.35681,0.336,-0.25298
0.08332316080729167,-0.62931,0.26859,-0.25942
0.08357338050941567,-0.54035,0.22874,-0.30085
0.08382360021153967,-0.65063,0.16682,-0.42349
0.08407381991366367,-0.70082,-0.08524,-0.36256
0.08432403961578766,-0.44313,-0.23322,-0.29595
0.08457425931791167,-0.15092,-0.42751,-0.25472
0.08482447902003566,0.14694,-0.56657,-0.21966
0.08507469872215967,0.421,-0.71941,-0.2085
0.08532491842428366,0.71616,-0.84366,-0.02307
0.08557513812640766,0.96807,-0.62388,0.08782
0.08582535782853166,1.09747,-0.53059,0.05459
0.08607557753065566,1.11555,-0.45962,0.06514
0.08632579723277965,0.90844,-0.18022,0.08167
0.08657601693490366,0.73454,0.03224,0.08355
0.08682623663702765,0.61478,0.26758,-0.05298
0.08707645633915165,0.25851,0.49726,-0.20204
0.08732667604127566,-0.09158,0.70456,-0.22546
0.08757689574339965,-0.20343,0.79105,-0.26938
0.08782711544552366,-0.19308,0.8577,-0.31826
0.08807733514764765,-0.18714,1.05327,-0.36157
0.08832755484977164,-0.17835,0.9534,-0.31763
0.08857777455189565,-0.0503,0.76685,-0.16882
0.08882799425401965,0.30803,0.62399,-0.0926
0.08907821395614365,0.63367,0.23905,-0.02039
0.08932843365826765,0.71519,-0.10834,0.06197
0.08957865336039164,0.77793,-0.46819,0.14876
0.08982887306251565,0.92965,-0.87199,0.28558
0.09007909276463964,1.08283,-1.12184,0.32903
0.09032931246676364,1.00193,-1.30156,0.3618
0.09057953216888764,0.81116,-1.30438,0.37102
0.09082975187101164,0.65367,-1.16877,0.31109
0.09107997157313563,0.48168,-1.00432,0.35036
0.09133019127525964,0.42818,-0.72323,0.34166
0.09158041097738363,0.35028,-0.4285,0.29819
0.09183063067950764,0.24839,-0.04795,0.30754
0.09208085038163163,0.24005,0.37784,0.30858
0.09233107008375563,0.36516,0.64295,0.38204
0.09258128978587964,0.4166,1.00267,0.34819
0.09283150948800363,0.25666,1.22269,0.26811
0.09308172919012764,0.38107,1.10745,0.38208
0.09333194889225163,0.58822,1.05973,0.47165
0.09358216859437563,0.25702,0.92164,0.44858
0.09383238829649963,-0.10327,0.63587,0.35668
0.09408260799862363,0.01989,0.21249,0.34632
0.09433282770074762,-0.10455,-0.24073,0.466
0.09458304740287163,-0.70915,-0.39147,0.33153
0.09483326710499562,-1.04992,-0.6897,0.0542
0.09508348680711962,-1.19655,-1.00384,-0.04575
0.09533370650924362,-1.47003,-0.92816,-0.12039
0.09558392621136762,-1.88732,-0.8329,-0.42785
0.09583414591349163,-2.20326,-0.73559,-0.89098
0.09608436561561562,-1.99664,-0.63066,-0.96354
0.09633458531773961,-1.76787,-0.41417,-0.73582
0.09658480501986362,-1.67865,0.08352,-0.8112
0.09683502472198761,-1.21031,0.55447,-1.15591
0.09708524442411162,-0.8996,0.67549,-1.21949
0.09733546412623562,-0.66388,0.65091,-0.73873
0.09758568382835961,-0.17201,0.96467,-0.37978
0.09783590353048362,-0.05209,1.08252,-0.45984
0.09808612323260761,0.00959,0.76304,-0.3721
0.0983363429347316,0.14196,0.64702,0.05803
0.09858656263685561,0.15983,0.51613,0.37599
0.0988367823389796,0.1906,0.23131,0.25217
0.0990870020411036,0.10399,0.0505,0.07479
0.09933722174322761,0.21726,-0.06252,0.31646
0.0995874414453516,0.41919,-0.16704,0.6369
0.09983766114747561,0.36819,-0.27372,0.62714
0.1000878808495996,0.20625,-0.34731,0.52156
0.1003381005517236,0.23084,-0.39391,0.57745
0.1005883202538476,0.37416,-0.42975,0.70446
0.1008385399559716,0.38697,-0.44248,0.72821
0.1010887596580956,0.45264,-0.41749,0.64147
0.1013389793602196,0.38226,-0.39981,0.64718
0.1015891990623436,0.33407,-0.32211,0.61969
0.1018394187644676,0.40621,-0.30715,0.42115
0.1020896384665916,0.28445,-0.35075,0.26649
0.10233985816871559,0.16156,-0.11935,0.12601
0.1025900778708396,-0.12578,0.00893,-0.047
0.10284029757296359,-0.27155,0.07041,-0.28451
0.10309051727508758,-0.21357,0.30049,-0.54221
0.10334073697721159,-0.51416,0.35729,-0.64697
0.10359095667933559,-0.48461,0.49601,-0.75028
0.1038411763814596,-0.07139,0.61113,-0.77887
0.10409139608358359,0.02642,0.7023,-0.65209
0.10434161578570758,0.14844,0.85942,-0.51953
0.10459183548783159,0.55022,0.6108,-0.34215
0.10484205518995558,0.83984,0.39061,-0.21379
0.10509227489207959,0.83624,0.27902,-0.07454
0.10534249459420358,0.89936,-0.03001,0.04731
0.10559271429632758,1.0147,-0.24356,0.01636
0.10584293399845159,0.94416,-0.39331,0.06188
0.10609315370057558,0.80134,-0.56089,0.12419
0.10634337340269957,0.686,-0.6259,0.09527
0.10659359310482358,0.64897,-0.43948,-0.0543
0.10684381280694757,0.47916,-0.27371,-0.2085
0.10709403250907157,0.42132,-0.19307,-0.06947
0.10734425221119558,0.62403,0.12142,0.02
0.10759447191331957,0.55651,0.31465,-0.08703
0.10784469161544358,0.53993,0.36225,-0.15239
0.10809491131756757,0.74126,0.37044,-0.10662
0.10834513101969157,0.79879,0.28954,0.08328
0.10859535072181557,0.84802,0.37525,0.12105
0.10884557042393957,0.92048,0.33269,0.09637
0.10909579012606357,0.85562,0.16734,0.23319
0.10934600982818757,0.71328,0.05722,0.34219
0.10959622953031156,0.64838,-0.15445,0.41139
0.10984644923243557,0.50011,-0.2766,0.38327
0.11009666893455956,0.3018,-0.39347,0.36109
0.11034688863668356,0.06962,-0.53709,0.43297
0.11059710833880756,-0.10962,-0.6138,0.4028
0.11084732804093156,-0.00867,-0.75003,0.35667
0.11109754774305555,-0.14227,-0.73604,0.32416
0.11134776744517956,-0.33188,-0.55078,0.25075
0.11159798714730355,-0.28741,-0.38972,0.2216
0.11184820684942756,-0.32956,-0.10586,0.14062
0.11209842655155156,-0.28707,0.20405,0.01642
0.11234864625367555,-0.49591,0.3615,-0.04377
0.11259886595579956,-0.68971,0.57648,-0.09865
0.11284908565792355,-0.53408,0.77147,-0.11906
0.11309930536004756,-0.93723,0.91998,-0.20725
0.11334952506217155,-1.31255,0.96807,-0.35129
0.11359974476429555,-1.23454,0.73672,-0.32553
0.11384996446641955,-1.46491,0.71408,-0.3479
0.11410018416854355,-1.51725,0.72017,-0.50177
0.11435040387066754,-1.37564,0.3946,-0.58016
0.11460062357279155,-1.3119,0.18609,-0.51999
0.11485084327491554,-0.97375,0.06476,-0.34344
0.11510106297703954,-0.59777,-0.1201,-0.32038
0.11535128267916354,-0.19887,-0.30376,-0.40489
0.11560150238128754,0.08525,-0.41763,-0.29848
0.11585172208341155,0.11367,-0.52161,-0.11797
0.11610194178553554,0.40705,-0.56033,-0.03042
0.11635216148765953,0.63483,-0.42865,-0.08257
0.11660238118978354,0.31908,-0.46709,-0.06974
0.11685260089190753,0.11562,-0.4814,0.14591
0.11710282059403154,0.12159,-0.32895,0.27806
0.11735304029615554,-0.12108,-0.21332,0.28955
0.11760325999827953,-0.33623,-0.04655,0.2898
0.11785347970040354,-0.52588,-0.00749,0.36398
0.11810369940252753,-0.68932,0.0599,0.49938
0.11835391910465153,-0.59472,0.20514,0.46788
0.11860413880677553,-0.4351,0.14732,0.4276
0.11885435850889953,-0.17397,0.08298,0.46724
0.11910457821102352,0.08473,0.03672,0.47489
0.11935479791314753,0.21679,-0.02676,0.44027
0.11960501761527152,0.43403,-0.06568,0.2804
0.11985523731739553,0.58008,-0.13891,0.18877
0.12010545701951952,0.40847,-0.09256,0.13582
0.12035567672164352,0.27912,0.0245,-0.03083
0.12060589642376753,0.24312,0.07791,-0.13405
0.12085611612589152,-0.07688,0.20503,-0.21429
0.12110633582801553,-0.38833,0.31769,-0.24923
0.12135655553013952,-0.62016,0.30193,-0.26429
0.12160677523226351,-0.68369,0.25896,-0.3629
0.12185699493438752,-0.58949,0.12629,-0.3611
0.12210721463651152,-0.72847,-0.03115,-0.33531
0.12235743433863551,-0.52766,-0.19669,-0.30424
0.12260765404075952,-0.06059,-0.41785,-0.21619
0.12285787374288351,0.08599,-0.52225,-0.22895
0.1231080934450075,0.35444,-0.71058,-0.15355
0.12335831314713151,0.72253,-0.868,0.00351
0.1236085328492555,0.91162,-0.7044,0.08128
0.12385875255137951,1.08257,-0.56452,0.11741
0.12410897225350351,1.06022,-0.47604,0.06197
0.1243591919556275,0.92234,-0.2572,0.0846
0.12460941165775151,0.79042,0.05136,0.10961
0.1248596313598755,0.49391,0.30453,-0.05363
0.1251098510619995,0.24702,0.48714,-0.2037
0.1253600707641235,-0.03683,0.70774,-0.26473
0.1256102904662475,-0.29325,0.81421,-0.25187
0.1258605101683715,-0.19791,0.89145,-0.29099
0.12611072987049549,-0.12982,0.94772,-0.3968
0.1263609495726195,-0.17848,0.85787,-0.33443
0.1266111692747435,-0.00555,0.74681,-0.18988
0.1268613889768675,0.34272,0.50978,-0.07988
0.1271116086789915,0.5911,0.24891,-0.00951
0.12736182838111548,0.68605,-0.07121,0.01879
0.1276120480832395,0.78891,-0.52922,0.14588
0.1278622677853635,0.93556,-0.8122,0.27286
0.1281124874874875,1.01035,-1.0942,0.30886
0.12836270718961149,0.9543,-1.31182,0.33314
0.12861292689173548,0.83027,-1.28532,0.3089
0.1288631465938595,0.65112,-1.22453,0.34367
0.1291133662959835,0.4812,-1.03237,0.37088
0.1293635859981075,0.34545,-0.7593,0.31484
0.12961380570023148,0.29513,-0.42445,0.32139
0.12986402540235548,0.31301,0.01003,0.30084
0.1301142451044795,0.31976,0.35549,0.35009
0.1303644648066035,0.3265,0.72025,0.41464
0.13061468450872749,0.27305,1.03176,0.30068
0.13086490421085148,0.28961,1.11217,0.28317
0.13111512391297547,0.33801,1.10261,0.36294
0.13136534361509947,0.34224,0.96365,0.44548
0.1316155633172235,0.22857,0.79471,0.45219
0.13186578301934748,-0.1229,0.58599,0.30585
0.13211600272147148,-0.22611,0.1089,0.36768
0.13236622242359547,-0.19104,-0.2519,0.44657
0.13261644212571946,-0.69886,-0.44374,0.22625
0.13286666182784349,-1.21051,-0.71584,0.01981
0.13311688152996748,-1.22725,-0.91508,-0.0634
0.13336710123209147,-1.45064,-0.99834,-0.13458
0.13361732093421547,-1.99908,-0.78868,-0.49087
0.13386754063633946,-2.20416,-0.62786,-0.96971
0.13411776033846345,-1.94655,-0.73888,-0.93088
0.13436798004058748,-1.75107,-0.3951,-0.69601
0.13461819974271147,-1.66065,0.23351,-0.86305
0.13486841944483546,-1.19274,0.55571,-1.22949
0.13511863914695946,-0.78505,0.60783,-1.17449
0.13536885884908345,-0.66961,0.73894,-0.65838
0.13561907855120747,-0.30267,1.02755,-0.43234
0.13586929825333147,0.09602,0.96578,-0.52489
0.13611951795545546,0.07002,0.78577,-0.34786
0.13636973765757945,-0.012,0.67978,0.12456
0.13661995735970345,0.17288,0.40716,0.39955
0.13687017706182747,0.21054,0.19477,0.20212
0.13712039676395146,0.10227,-0.02583,0.09427
0.13737061646607546,0.21388,-0.16847,0.39434
0.13762083616819945,0.38921,-0.20756,0.65588
0.13787105587032344,0.32751,-0.32272,0.6466
0.13812127557244747,0.1895,-0.35841,0.53224
0.13837149527457146,0.243,-0.40904,0.57484
0.13862171497669545,0.32625,-0.42878,0.70534
0.13887193467881945,0.32812,-0.37667,0.66036
0.13912215438094344,0.31767,-0.37464,0.59649
0.13937237408306744,0.3479,-0.27087,0.61115
0.13962259378519146,0.33997,-0.23725,0.51546
0.13987281348731545,0.3031,-0.33467,0.37204
0.14012303318943944,0.23882,-0.23982,0.21587
0.14037325289156344,0.02956,-0.13356,0.06799
0.14062347259368743,-0.08377,-0.05956,-0.08646
0.14087369229581145,-0.1688,0.11571,-0.38114
0.14112391199793545,-0.37026,0.16994,-0.58101
0.14137413170005944,-0.43003,0.28261,-0.66984
0.14162435140218343,-0.40918,0.43653,-0.74268
0.14187457110430743,-0.27904,0.52835,-0.70919
0.14212479080643142,0.08509,0.71308,-0.66708
0.14237501050855544,0.34499,0.68174,-0.51135
0.14262523021067944,0.47608,0.55462,-0.31184
0.14287544991280343,0.70892,0.36408,-0.16538
0.14312566961492743,0.88141,0.0676,-0.00192
0.14337588931705142,0.90951,0.02413,0.01655
0.14362610901917544,0.91742,-0.17854,0.0099
0.14387632872129943,0.90464,-0.47275,0.06656
0.14412654842342343,0.79677,-0.45856,0.11554
0.14437676812554742,0.69634,-0.40886,0.08426
0.14462698782767142,0.62008,-0.35956,-0.12985
0.14487720752979544,0.46135,-0.22211,-0.19896
0.14512742723191943,0.41248,-0.00205,-0.08446
0.14537764693404343,0.53532,0.09623,-0.03844
0.14562786663616742,0.66614,0.21271,-0.07229
0.1458780863382914,0.63858,0.41124,-0.1798
0.14612830604041543,0.59936,0.2827,-0.07522
0.14637852574253943,0.77995,0.22434,0.12011
0.14662874544466342,0.89516,0.35754,0.12404
0.14687896514678742,0.83249,0.32698,0.15215
0.1471291848489114,0.73995,0.2196,0.21567
0.1473794045510354,0.70309,0.00416,0.35101
0.14762962425315942,0.61019,-0.16116,0.42292
0.14787984395528342,0.43402,-0.30481,0.31942
0.1481300636574074,0.22347,-0.49443,0.32129
0.1483802833595314,-0.02128,-0.54453,0.35108
0.1486305030616554,-0.06191,-0.65994,0.36005
0.14888072276377942,-0.12559,-0.72619,0.34362
0.14913094246590342,-0.22716,-0.6437,0.24617
0.1493811621680274,-0.23698,-0.57227,0.22832
0.1496313818701514,-0.36116,-0.32211,0.19626
0.1498816015722754,-0.38156,-0.02303,0.09528
0.1501318212743994,-0.41947,0.16198,0.01352
0.1503820409765234,-0.53185,0.39583,-0.06103
0.1506322606786474,-0.65766,0.56524,-0.07787
0.1508824803807714,-0.89575,0.6954,-0.13879
0.1511327000828954,-0.94819,0.90175,-0.29003
0.1513829197850194,-1.21847,0.88465,-0.34066
0.1516331394871434,-1.57748,0.77482,-0.3286
0.1518833591892674,-1.3591,0.73985,-0.37638
0.1521335788913914,-1.39929,0.59129,-0.50395
0.1523837985935154,-1.55639,0.46258,-0.61882
0.15263401829563938,-1.19731,0.18964,-0.50084
0.1528842379977634,-0.897,-0.05634,-0.33005
0.1531344576998874,-0.5114,-0.04388,-0.32883
0.1533846774020114,-0.10837,-0.26202,-0.36144
0.1536348971041354,0.01714,-0.54244,-0.30959
0.15388511680625938,0.14849,-0.56967,-0.1149
0.1541353365083834,0.31459,-0.50009,-0.01417
0.1543855562105074,0.53219,-0.53052,-0.06352
0.1546357759126314,0.47154,-0.54629,-0.00923
0.15488599561475538,0.06439,-0.4335,0.10844
0.15513621531687938,-0.06858,-0.41349,0.26366
0.15538643501900337,-0.06086,-0.21954,0.29849
0.1556366547211274,-0.37541,-0.01673,0.24213
0.1558868744232514,-0.65147,-0.01428,0.37548
0.15613709412537538,-0.60517,0.10816,0.47477
0.15638731382749937,-0.50252,0.13773,0.47339
0.15663753352962337,-0.40001,0.14042,0.44934
0.1568877532317474,-0.20658,0.08146,0.41029
0.15713797293387138,0.04534,-0.05123,0.48924
0.15738819263599538,0.26676,0.01286,0.45407
0.15763841233811937,0.42762,-0.05497,0.29333
0.15788863204024337,0.46346,-0.1513,0.20354
0.15813885174236736,0.38362,-0.06404,0.08574
0.15838907144449138,0.29655,0.02445,-0.00203
0.15863929114661537,0.10762,0.12432,-0.11384
0.15888951084873937,-0.13216,0.19547,-0.24799
0.15913973055086336,-0.46047,0.27374,-0.24766
0.15938995025298736,-0.66005,0.30971,-0.28101
0.15964016995511138,-0.59229,0.18698,-0.35259
0.15989038965723537,-0.68298,0.06327,-0.38686
0.16014060935935936,-0.6621,-0.03811,-0.40535
0.16039082906148336,-0.4388,-0.27374,-0.31785
0.16064104876360735,-0.10123,-0.46759,-0.24187
0.16089126846573137,0.32081,-0.55696,-0.21873
0.16114148816785537,0.36884,-0.74572,-0.14547
0.16139170786997936,0.60259,-0.81285,-0.04954
0.16164192757210336,1.08855,-0.72945,0.07853
0.16189214727422735,1.04582,-0.57552,0.1178
0.16214236697635137,0.88812,-0.35042,0.05492
0.16239258667847536,0.87418,-0.25491,0.05702
0.16264280638059936,0.73858,0.01876,0.02304
0.16289302608272335,0.46344,0.399,-0.09142
0.16314324578484735,0.11023,0.51574,-0.21236
0.16339346548697134,-0.11611,0.68922,-0.27494
0.16364368518909536,-0.22392,0.96056,-0.26076
0.16389390489121936,-0.23109,1.03378,-0.32181
0.16414412459334335,-0.17964,0.92527,-0.36722
0.16439434429546734,-0.08685,0.86285,-0.30307
0.16464456399759134,0.06728,0.71084,-0.19436
0.16489478369971536,0.27785,0.38309,-0.06786
0.16514500340183935,0.61356,0.13287,-0.03625
0.16539522310396335,0.70701,-0.23157,0.02482
0.16564544280608734,0.73547,-0.63712,0.166
0.16589566250821133,0.99718,-0.91725,0.261
0.16614588221033533,1.01617,-1.17341,0.33398
0.16639610191245935,0.86799,-1.23427,0.32573
0.16664632161458334,0.72763,-1.25545,0.30687
0.16689654131670734,0.55456,-1.20798,0.34514
0.16714676101883133,0.48178,-0.98086,0.35378
0.16739698072095532,0.34825,-0.73316,0.34223
0.16764720042307935,0.19375,-0.36061,0.28314
0.16789742012520334,0.24231,0.01958,0.28136
0.16814763982732733,0.25646,0.41111,0.38471
0.16839785952945133,0.20218,0.83923,0.38494
0.16864807923157532,0.26455,1.06651,0.30257
0.16889829893369934,0.22555,1.16029,0.27717
0.16914851863582334,0.27316,1.13502,0.37211
0.16939873833794733,0.38515,0.99287,0.4855
0.16964895804007132,0.14584,0.8148,0.40237
0.16989917774219532,-0.04544,0.4888,0.30819
0.17014939744431934,-0.18321,0.06914,0.3793
0.17039961714644333,-0.43755,-0.26932,0.38652
0.17064983684856733,-0.62124,-0.51284,0.19945
0.17090005655069132,-1.07953,-0.68586,-0.04919
0.17115027625281531,-1.39197,-0.85127,-0.11632
0.1714004959549393,-1.41287,-0.90782,-0.15554
0.17165071565706333,-1.95952,-0.70239,-0.56153
0.17190093535918732,-2.25494,-0.57899,-0.96708
0.17215115506131132,-1.92886,-0.66704,-0.89346
0.1724013747634353,-1.80115,-0.40789,-0.69751
0.1726515944655593,-1.58794,0.24993,-0.878
0.17290181416768333,-1.19628,0.56781,-1.25027
0.17315203386980732,-0.8392,0.47025,-1.12091
0.17340225357193131,-0.55444,0.66005,-0.58368
0.1736524732740553,-0.33546,0.94931,-0.39344
0.1739026929761793,0.04483,0.84469,-0.50074
0.1741529126783033,0.16441,0.69031,-0.32624
0.17440313238042732,-0.03241,0.62871,0.19923
0.1746533520825513,0.1037,0.48475,0.41562
0.1749035717846753,0.33016,0.19211,0.14289
0.1751537914867993,0.19585,-0.00202,0.07524
0.1754040111889233,0.1855,-0.02431,0.38068
0.1756542308910473,0.36341,-0.2145,0.66862
0.1759044505931713,0.25003,-0.27283,0.63198
0.1761546702952953,0.16186,-0.23843,0.47851
0.1764048899974193,0.31134,-0.39433,0.58895
0.1766551096995433,0.35417,-0.4025,0.68417
0.1769053294016673,0.30339,-0.35035,0.63226
0.1771555491037913,0.31432,-0.31042,0.59173
0.1774057688059153,0.31585,-0.26534,0.56069
0.1776559885080393,0.33679,-0.31748,0.55246
0.17790620821016329,0.33794,-0.3515,0.38675
0.1781564279122873,0.23939,-0.36708,0.17565
0.1784066476144113,0.05471,-0.26613,0.09457
0.1786568673165353,-0.11709,-0.11406,-0.10414
0.1789070870186593,-0.09036,-0.03253,-0.3716
0.17915730672078328,-0.25221,0.13335,-0.57629
0.17940752642290728,-0.49617,0.24166,-0.68744
0.1796577461250313,-0.30321,0.32867,-0.67118
0.1799079658271553,-0.15019,0.61003,-0.68308
0.18015818552927929,-0.03058,0.78088,-0.62823
0.18040840523140328,0.33641,0.73729,-0.45442
0.18065862493352727,0.54013,0.64664,-0.32696
0.1809088446356513,0.61245,0.43044,-0.18129
0.1811590643377753,0.82703,0.20234,-0.06275
0.18140928403989928,0.95288,0.0383,-0.02411
0.18165950374202328,0.85924,-0.15308,-0.00858
0.18190972344414727,0.79566,-0.37297,0.00137
0.18215994314627126,0.80771,-0.55019,0.07066
0.18241016284839529,0.72588,-0.45711,0.03105
0.18266038255051928,0.54329,-0.30446,-0.14048
0.18291060225264327,0.45054,-0.26369,-0.18969
0.18316082195476727,0.49565,-0.08828,-0.08619
0.18341104165689126,0.54363,0.10846,0.00979
0.18366126135901528,0.60781,0.23254,-0.095
0.18391148106113928,0.65278,0.26014,-0.18462
0.18416170076326327,0.64133,0.26539,-0.02515
0.18441192046538726,0.7412,0.30159,0.11668
0.18466214016751126,0.88221,0.23376,0.14929
0.18491235986963528,0.81749,0.29616,0.13872
0.18516257957175927,0.66725,0.27786,0.19182
0.18541279927388327,0.63469,0.00634,0.36932
0.18566301897600726,0.58437,-0.08856,0.4024
0.18591323867813125,0.40148,-0.20354,0.34127
0.18616345838025528,0.16127,-0.43222,0.34535
0.18641367808237927,-0.00512,-0.59291,0.34624
0.18666389778450326,-0.03735,-0.73325,0.38277
0.18691411748662726,-0.14486,-0.76092,0.3148
0.18716433718875125,-0.27684,-0.75205,0.21987
0.18741455689087524,-0.20443,-0.61648,0.25261
0.18766477659299927,-0.20579,-0.33247,0.21864
0.18791499629512326,-0.33842,-0.06195,0.15093
0.18816521599724725,-0.4634,0.27928,0.04424
0.18841543569937125,-0.5598,0.46846,-0.05983
0.18866565540149524,-0.57046,0.58498,-0.04819
0.18891587510361926,-0.80189,0.84551,-0.1383
0.18916609480574326,-1.10401,0.93629,-0.29085
0.18941631450786725,-1.24202,0.89703,-0.35287
0.18966653420999124,-1.47191,0.85738,-0.36265
0.18991675391211524,-1.54462,0.74325,-0.38536
0.19016697361423923,-1.37092,0.59834,-0.54146
0.19041719331636325,-1.30674,0.38476,-0.63831
0.19066741301848725,-1.30046,0.18077,-0.4953
0.19091763272061124,-0.91406,0.01152,-0.36759
0.19116785242273523,-0.29713,-0.18728,-0.37653
0.19141807212485923,-0.0852,-0.31471,-0.40573
0.19166829182698325,0.01447,-0.53953,-0.30515
0.19191851152910724,0.29702,-0.74212,-0.10319
0.19216873123123124,0.42318,-0.60011,-0.02971
0.19241895093335523,0.49863,-0.51939,-0.0476
0.19266917063547923,0.42451,-0.64087,0.00426
0.19291939033760325,0.12531,-0.57707,0.16395
0.19316961003972724,-0.05452,-0.29196,0.28328
0.19341982974185123,-0.20593,-0.14661,0.25362
0.19367004944397523,-0.38376,-0.08608,0.28675
0.19392026914609922,-0.6165,0.19489,0.38539
0.19417048884822324,-0.72181,0.21376,0.45791
0.19442070855034724,-0.45637,0.10798,0.48791
0.19467092825247123,-0.29871,0.24304,0.437
0.19492114795459523,-0.21284,0.10771,0.47311
0.19517136765671922,0.01232,-0.02694,0.50607
0.1954215873588432,0.27473,0.00268,0.41661
0.19567180706096723,0.48595,-0.07908,0.32075
0.19592202676309123,0.40077,-0.11259,0.18511
0.19617224646521522,0.32301,-0.08874,0.07966
0.19642246616733922,0.28463,0.06403,-0.01053
0.1966726858694632,0.10348,0.1757,-0.15906
0.19692290557158723,-0.17811,0.18773,-0.22535
0.19717312527371122,-0.55556,0.3055,-0.26859
0.19742334497583522,-0.65655,0.27502,-0.3357
0.1976735646779592,-0.67365,0.16991,-0.34912
0.1979237843800832,-0.73475,0.10452,-0.37112
0.1981740040822072,-0.5786,-0.10798,-0.35374
0.19842422378433122,-0.3987,-0.29731,-0.2892
0.19867444348645522,-0.07226,-0.43,-0.25443
0.1989246631885792,0.30525,-0.60699,-0.18902
0.1991748828907032,0.47872,-0.71029,-0.11106
0.1994251025928272,0.7125,-0.74992,-0.01772
0.19967532229495122,0.97893,-0.70361,0.07664
0.1999255419970752,1.12889,-0.52961,0.08304
0.2001757616991992,0.98925,-0.37447,0.08308
0.2004259814013232,0.63027,-0.14722,0.07762
0.2006762011034472,0.63346,0.10937,0.01102
0.20092642080557122,0.6308,0.29641,-0.11601
0.2011766405076952,0.09613,0.5865,-0.25814
0.2014268602098192,-0.24743,0.7637,-0.29723
0.2016770799119432,-0.18776,0.86389,-0.30186
0.2019272996140672,-0.20118,1.05647,-0.31382
0.2021775193161912,-0.20607,1.04892,-0.31574
0.2024277390183152,-0.096,0.82722,-0.28375
0.2026779587204392,0.07245,0.60595,-0.13055
0.2029281784225632,0.39407,0.43421,-0.03174
0.2031783981246872,0.64443,0.03055,-0.00127
0.20342861782681118,0.73199,-0.4325,0.08272
0.2036788375289352,0.7987,-0.69481,0.15301
0.2039290572310592,0.83373,-1.11084,0.29745
0.2041792769331832,1.0164,-1.33602,0.36443
0.20442949663530718,0.9716,-1.30259,0.28872
0.20467971633743118,0.61609,-1.29679,0.30552
0.2049299360395552,0.51244,-1.09958,0.31661
0.2051801557416792,0.49198,-0.93681,0.33673
0.2054303754438032,0.3709,-0.66354,0.32679
0.20568059514592718,0.27893,-0.27439,0.24013
0.20593081484805117,0.30761,0.01786,0.30186
0.20618103455017517,0.34006,0.47016,0.37244
0.2064312542522992,0.30338,0.82315,0.36008
0.20668147395442318,0.28864,1.06887,0.3115
0.20693169365654718,0.30395,1.20157,0.27558
0.20718191335867117,0.41992,1.1071,0.39901
0.20743213306079517,0.31978,1.06756,0.4723
0.2076823527629192,0.10289,0.86792,0.38526
0.20793257246504318,0.02579,0.46251,0.3386
0.20818279216716717,-0.18318,0.05537,0.39357
0.20843301186929117,-0.43545,-0.31592,0.40493
0.20868323157141516,-0.80595,-0.5757,0.20365
0.20893345127353918,-1.09638,-0.80452,-0.02569
0.20918367097566318,-1.18091,-0.95493,-0.06063
0.20943389067778717,-1.58803,-0.91,-0.15867
0.20968411037991116,-1.9263,-0.71531,-0.53934
0.20993433008203516,-2.00131,-0.60328,-0.89099
0.21018454978415918,-2.04687,-0.57827,-0.86802
0.21043476948628317,-1.7287,-0.27357,-0.70925
0.21068498918840717,-1.38875,0.26916,-0.90495
0.21093520889053116,-1.17105,0.64664,-1.24153
0.21118542859265516,-0.80725,0.62834,-1.11439
0.21143564829477915,-0.57518,0.63092,-0.64805
0.21168586799690317,-0.29371,0.96259,-0.43109
0.21193608769902716,0.05905,0.95815,-0.49834
0.21218630740115116,0.05706,0.62559,-0.30179
0.21243652710327515,0.02312,0.59501,0.1828
0.21268674680539915,0.17036,0.52814,0.3567
0.21293696650752317,0.14801,0.17415,0.17204
0.21318718620964716,0.17901,0.0271,0.10853
0.21343740591177116,0.33729,-0.01054,0.39847
0.21368762561389515,0.29636,-0.20343,0.70001
0.21393784531601914,0.28554,-0.26419,0.63206
0.21418806501814314,0.22444,-0.31401,0.52495
0.21443828472026716,0.17342,-0.40761,0.61519
0.21468850442239115,0.35585,-0.43392,0.69096
0.21493872412451515,0.32604,-0.43995,0.67985
0.21518894382663914,0.21105,-0.3105,0.58811
0.21543916352876313,0.24292,-0.2796,0.5717
0.21568938323088716,0.29742,-0.32206,0.54189
0.21593960293301115,0.39136,-0.29664,0.32893
0.21618982263513514,0.26534,-0.3169,0.16813
0.21644004233725914,-0.02398,-0.22434,0.03212
0.21669026203938313,-0.06092,-0.1457,-0.15865
0.21694048174150715,-0.14905,-0.03397,-0.3682
0.21719070144363115,-0.42861,0.15565,-0.60915
0.21744092114575514,-0.42729,0.16937,-0.70854
0.21769114084787913,-0.31212,0.302,-0.71831
0.21794136055000313,-0.18145,0.59409,-0.71443
0.21819158025212715,0.0848,0.73664,-0.60268
0.21844179995425114,0.31567,0.72887,-0.44724
0.21869201965637514,0.5991,0.62895,-0.28084
0.21894223935849913,0.77314,0.45568,-0.12813
0.21919245906062312,0.80054,0.22639,-0.02565
0.21944267876274712,1.00846,0.03428,0.04569
0.21969289846487114,1.01167,-0.11088,0.05292
0.21994311816699513,0.72003,-0.30818,0.04353
0.22019333786911913,0.78999,-0.5046,0.07623
0.22044355757124312,0.82749,-0.47674,0.03741
0.22069377727336711,0.49851,-0.27358,-0.11376
0.22094399697549114,0.46883,-0.19172,-0.17507
0.22119421667761513,0.53589,-0.09789,-0.05914
0.22144443637973912,0.5265,0.1723,0.01122
0.22169465608186312,0.64373,0.32566,-0.07675
0.2219448757839871,0.57577,0.29113,-0.15135
0.2221950954861111,0.60242,0.28766,-0.05218
0.22244531518823513,0.76564,0.26411,0.13814
0.22269553489035912,0.77122,0.22801,0.17772
0.22294575459248311,0.8835,0.22034,0.11337
0.2231959742946071,0.77767,0.06217,0.18515
0.2234461939967311,0.55545,-0.07208,0.33296
0.22369641369885512,0.66251,-0.1269,0.40247
0.22394663340097912,0.4495,-0.271,0.37073
0.2241968531031031,0.10065,-0.35305,0.31954
0.2244470728052271,0.09219,-0.48742,0.36473
0.2246972925073511,0.0102,-0.64869,0.40122
0.22494751220947512,-0.10211,-0.6498,0.33069
0.2251977319115991,-0.24045,-0.65012,0.25416
0.2254479516137231,-0.33476,-0.54964,0.2097
0.2256981713158471,-0.25926,-0.33132,0.20069
0.2259483910179711,-0.38979,-0.03391,0.14344
0.22619861072009512,-0.56911,0.30466,-0.00956
0.2264488304222191,-0.55665,0.4666,-0.05891
0.2266990501243431,-0.62928,0.66341,-0.04931
0.2269492698264671,-0.81349,0.89757,-0.13841
0.2271994895285911,-1.04589,0.95557,-0.25735
0.22744970923071509,-1.31796,0.86946,-0.33277
0.2276999289328391,-1.37381,0.7177,-0.30741
0.2279501486349631,-1.37002,0.6353,-0.37283
0.2282003683370871,-1.40877,0.45609,-0.57448
0.2284505880392111,-1.23041,0.1976,-0.60116
0.22870080774133508,-1.11139,0.06582,-0.45711
0.2289510274434591,-0.94395,-0.03546,-0.32839
0.2292012471455831,-0.41665,-0.16055,-0.34153
0.2294514668477071,-0.07022,-0.34162,-0.40005
0.22970168654983109,-0.06118,-0.49351,-0.27802
0.22995190625195508,0.15326,-0.57742,-0.10569
0.23020212595407907,0.43199,-0.58323,-0.06485
0.2304523456562031,0.42949,-0.47751,-0.09174
0.2307025653583271,0.3271,-0.49309,-0.01496
0.23095278506045108,0.08823,-0.49856,0.17579
0.23120300476257508,-0.065,-0.31136,0.26844
0.23145322446469907,-0.1394,-0.13788,0.24564
0.2317034441668231,-0.43806,0.00629,0.25635
0.23195366386894709,-0.5259,0.09328,0.38771
0.23220388357107108,-0.54026,0.14827,0.54399
0.23245410327319507,-0.51372,0.22168,0.50813
0.23270432297531907,-0.19742,0.13346,0.44266
0.2329545426774431,-0.16537,0.05211,0.48904
0.23320476237956708,-0.06929,0.05988,0.50082
0.23345498208169108,0.36027,-0.04952,0.46069
0.23370520178381507,0.4721,-0.09658,0.30771
0.23395542148593906,0.44774,-0.08362,0.17722
0.23420564118806309,0.37821,-0.09594,0.12047
0.23445586089018708,0.22638,0.03258,-0.03543
0.23470608059231107,0.13404,0.16965,-0.14858
0.23495630029443507,-0.19758,0.25463,-0.21984
0.23520651999655906,-0.54058,0.30997,-0.27969
0.23545673969868305,-0.59532,0.28232,-0.29715
0.23570695940080708,-0.62468,0.24987,-0.37595
0.23595717910293107,-0.67665,0.08972,-0.40048
0.23620739880505506,-0.6054,-0.13446,-0.33525
0.23645761850717906,-0.36321,-0.27327,-0.30007
0.23670783820930305,-0.00154,-0.45595,-0.2624
0.23695805791142707,0.28025,-0.61402,-0.19604
0.23720827761355107,0.48776,-0.72532,-0.10835
0.23745849731567506,0.8409,-0.73234,0.01787
0.23770871701779905,1.05915,-0.5818,0.07435
0.23795893671992305,1.05308,-0.48198,0.06308
0.23820915642204704,1.02164,-0.34606,0.09355
0.23845937612417106,0.81876,-0.088,0.08152
0.23870959582629506,0.64341,0.16025,-0.00136
0.23895981552841905,0.52864,0.37638,-0.13103
0.23921003523054304,0.23867,0.54414,-0.2355
0.23946025493266704,-0.13641,0.72068,-0.23526
0.23971047463479106,-0.29293,0.86843,-0.25968
0.23996069433691505,-0.10119,0.91049,-0.33218
0.24021091403903905,-0.07964,0.93414,-0.33876
0.24046113374116304,-0.16166,0.84201,-0.2511
0.24071135344328703,0.07802,0.58121,-0.14527
0.24096157314541106,0.42555,0.32144,-0.06355
0.24121179284753505,0.67462,0.0824,0.02301
0.24146201254965904,0.69654,-0.29948,0.08372
0.24171223225178304,0.74406,-0.78506,0.18349
0.24196245195390703,0.97773,-1.05841,0.30119
0.24221267165603105,1.06414,-1.25448,0.33333
0.24246289135815505,0.95686,-1.4443,0.35446
0.24271311106027904,0.71227,-1.2658,0.31708
0.24296333076240303,0.50671,-1.06167,0.30471
0.24321355046452703,0.48743,-0.97369,0.38934
0.24346377016665102,0.43348,-0.62506,0.35897
0.24371398986877504,0.29199,-0.21349,0.31744
0.24396420957089904,0.13786,0.16601,0.33341
0.24421442927302303,0.21314,0.54143,0.37545
0.24446464897514703,0.38939,0.87029,0.40978
0.24471486867727102,0.26618,1.12844,0.2786
0.24496508837939504,0.22144,1.14801,0.25405
0.24521530808151903,0.30705,1.1182,0.40718
0.24546552778364303,0.28225,1.10197,0.44915
0.24571574748576702,0.09746,0.90021,0.36043
0.24596596718789102,-0.16032,0.53869,0.28087
0.246216186890015,-0.15134,0.09536,0.36793
0.24646640659213903,-0.42613,-0.24674,0.38152
0.24671662629426303,-1.00916,-0.48012,0.13924
0.24696684599638702,-1.17705,-0.78092,-0.06759
0.247217065698511,-1.26768,-1.00865,-0.08966
0.247467285400635,-1.63107,-0.94806,-0.19964
0.24771750510275903,-2.08929,-0.77198,-0.63631
0.24796772480488302,-2.09635,-0.72834,-0.94995
0.24821794450700702,-1.74766,-0.64473,-0.82538
0.248468164209131,-1.73326,-0.20457,-0.70563
0.248718383911255,-1.46775,0.36657,-0.96581
0.24896860361337902,-0.86992,0.55938,-1.26989
0.24921882331550302,-0.74073,0.55812,-1.01439
0.249469043017627,-0.5285,0.77473,-0.53363
0.249719262719751,0.03545,0.93633,-0.42952
0.249969482421875,0.12292,0.8462,-0.45005
0.250219702123999,-0.03648,0.74224,-0.19414
0.250469921826123,0.11184,0.56783,0.23691
0.250720141528247,0.20163,0.34027,0.36094
0.25097036123037103,0.13193,0.23698,0.16855
0.251220580932495,0.12517,0.03769,0.20503
0.251470800634619,0.27526,-0.16404,0.50562
0.251721020336743,0.39692,-0.13683,0.67171
0.251971240038867,0.19212,-0.26057,0.61314
0.25222145974099097,0.14955,-0.41401,0.54914
0.252471679443115,0.36704,-0.32713,0.60263
0.252721899145239,0.33378,-0.37351,0.65393
0.252972118847363,0.3829,-0.39711,0.61867
0.253222338549487,0.52683,-0.30759,0.59162
0.25347255825161097,0.38273,-0.28668,0.58861
0.253722777953735,0.34073,-0.28093,0.49798
0.253972997655859,0.51043,-0.40188,0.35155
0.254223217357983,0.36264,-0.32909,0.21794
0.254473437060107,0.01273,-0.15844,0.05879
0.25472365676223097,-0.06248,-0.17872,-0.13966
0.254973876464355,-0.11798,-0.00471,-0.3708
0.255224096166479,-0.34916,0.14566,-0.54539
0.255474315868603,-0.48867,0.17996,-0.64866
0.255724535570727,-0.34818,0.34763,-0.73911
0.25597475527285096,-0.07118,0.56206,-0.71954
0.256224974974975,0.01796,0.75212,-0.58376
0.256475194677099,0.30314,0.73292,-0.4126
0.25672541437922297,0.69939,0.58529,-0.27943
0.256975634081347,0.71989,0.41722,-0.17858
0.25722585378347096,0.8817,0.21324,-0.06912
0.257476073485595,0.96113,0.06487,-0.01917
0.257726293187719,0.87857,-0.09056,0.00395
0.25797651288984297,0.97039,-0.28593,0.02997
0.258226732591967,0.74389,-0.43013,0.05006
0.25847695229409096,0.65992,-0.38654,-0.00694
0.258727171996215,0.69904,-0.28816,-0.14004
0.258977391698339,0.33872,-0.17178,-0.13749
0.25922761140046297,0.36468,0.03109,-0.04241
0.259477831102587,0.66051,0.13555,0.00395
0.25972805080471095,0.58282,0.27799,-0.04076
0.259978270506835,0.54217,0.36754,-0.11008
0.260228490208959,0.62973,0.24018,-0.00699
0.26047870991108296,0.69333,0.25588,0.14366
0.260728929613207,0.83439,0.3417,0.1694
0.26097914931533095,0.78828,0.18295,0.17979
0.26122936901745497,0.70182,-0.00961,0.23341
0.26147958871957894,0.74217,-0.10933,0.32767
0.26172980842170296,0.51134,-0.28175,0.40083
0.261980028123827,0.32132,-0.37614,0.367
0.26223024782595095,0.26486,-0.42698,0.33242
0.26248046752807497,-0.01689,-0.57933,0.37104
0.26273068723019893,-0.12384,-0.63859,0.37514
0.26298090693232296,-0.10969,-0.68168,0.31565
0.263231126634447,-0.29465,-0.60993,0.24141
0.26348134633657094,-0.36284,-0.39368,0.20404
0.26373156603869496,-0.29895,-0.25207,0.21612
0.26398178574081893,-0.33971,0.06957,0.13999
0.26423200544294295,-0.50549,0.37691,-0.00811
0.264482225145067,-0.61542,0.49842,-0.0674
0.26473244484719094,-0.6011,0.72041,-0.0943
0.26498266454931496,-0.71832,0.92478,-0.15904
0.2652328842514389,-1.08842,1.02793,-0.28534
0.26548310395356295,-1.29005,0.91046,-0.3725
0.26573332365568697,-1.26383,0.69442,-0.34136
0.26598354335781094,-1.45017,0.61098,-0.42399
0.26623376305993496,-1.43218,0.42488,-0.59514
0.2664839827620589,-1.22205,0.16425,-0.61227
0.26673420246418295,-1.13344,-0.04537,-0.45684
0.26698442216630697,-0.76199,-0.15832,-0.32827
0.26723464186843093,-0.43049,-0.21913,-0.38524
0.26748486157055495,-0.07311,-0.40243,-0.39982
0.2677350812726789,0.20931,-0.55797,-0.23089
0.26798530097480294,0.11265,-0.53935,-0.06436
0.2682355206769269,0.50893,-0.46926,-0.02123
0.26848574037905093,0.72674,-0.49827,-0.01908
0.26873596008117495,0.23895,-0.47543,0.08165
0.2689861797832989,0.10952,-0.37966,0.23253
0.26923639948542294,0.09969,-0.35615,0.30946
0.2694866191875469,-0.16859,-0.12919,0.29452
0.2697368388896709,-0.36024,0.11391,0.31723
0.26998705859179495,-0.56397,0.091,0.43269
0.2702372782939189,-0.61923,0.13943,0.49824
0.27048749799604294,-0.4026,0.20115,0.49031
0.2707377176981669,-0.29307,0.10364,0.4664
0.2709879374002909,-0.11779,0.03702,0.45975
0.27123815710241495,0.07903,0.03489,0.46659
0.2714883768045389,0.14051,0.02382,0.39125
0.27173859650666293,0.44824,-0.04053,0.25536
0.2719888162087869,0.46407,-0.11084,0.13971
0.2722390359109109,0.15225,-0.00692,0.02268
0.27248925561303494,0.22545,0.12186,-0.0962
0.2727394753151589,0.1189,0.16067,-0.20791
0.27298969501728293,-0.24614,0.31195,-0.28656
0.2732399147194069,-0.44534,0.3683,-0.29802
0.2734901344215309,-0.63299,0.27771,-0.32185
0.27374035412365494,-0.55847,0.22288,-0.36244
0.2739905738257789,-0.5472,0.06139,-0.35138
0.2742407935279029,-0.62384,-0.15093,-0.31804
0.2744910132300269,-0.21341,-0.3759,-0.26012
0.2747412329321509,0.1079,-0.5721,-0.2067
0.27499145263427494,0.25388,-0.71028,-0.17726
0.2752416723363989,0.54572,-0.87294,-0.05946
0.2754918920385229,0.77197,-0.82653,0.08788
0.2757421117406469,1.00551,-0.62615,0.11261
0.2759923314427709,1.07917,-0.46681,0.0752
0.27624255114489493,0.8835,-0.28084,0.0581
0.2764927708470189,0.72314,-0.0356,0.07824
0.2767429905491429,0.61557,0.27745,0.02499
0.2769932102512669,0.36256,0.53421,-0.17011
0.2772434299533909,0.05731,0.67895,-0.26596
0.2774936496555149,-0.12013,0.79208,-0.25363
0.2777438693576389,-0.22003,0.90966,-0.29988
0.2779940890597629,-0.21228,0.93886,-0.3471
0.2782443087618869,-0.1292,0.85626,-0.33757
0.2784945284640109,-0.10069,0.75283,-0.22613
0.27874474816613487,0.12455,0.51867,-0.09525
0.2789949678682589,0.54229,0.20056,-0.03253
0.2792451875703829,0.71521,-0.10201,0.02349
0.2794954072725069,0.67286,-0.44133,0.11012
0.2797456269746309,0.69342,-0.7873,0.20921
0.27999584667675487,0.94531,-1.1272,0.28763
0.2802460663788789,1.06244,-1.3141,0.35326
0.2804962860810029,0.77007,-1.31953,0.33498
0.2807465057831269,0.68677,-1.28772,0.27923
0.2809967254852509,0.62411,-1.14611,0.318
0.28124694518737486,0.36131,-0.86103,0.35863
0.2814971648894989,0.36307,-0.56072,0.33896
0.2817473845916229,0.29212,-0.20589,0.28293
0.2819976042937469,0.21601,0.2881,0.28613
0.2822478239958709,0.3274,0.68693,0.39738
0.28249804369799486,0.30818,0.9561,0.39117
0.2827482634001189,0.33435,1.19203,0.25802
0.2829984831022429,0.34991,1.19351,0.25228
0.28324870280436687,0.35232,1.06604,0.37795
0.2834989225064909,0.3694,0.96769,0.46908
0.28374914220861486,0.07282,0.76917,0.39469
0.2839993619107389,-0.11876,0.38405,0.31404
0.28424958161286284,-0.12073,-0.03961,0.40563
0.28449980131498687,-0.4691,-0.27316,0.38612
0.2847500210171109,-0.91406,-0.49535,0.14026
0.28500024071923485,-1.11843,-0.77908,-0.04991
0.2852504604213589,-1.24132,-0.88751,-0.08228
0.28550068012348284,-1.57615,-0.83744,-0.23325
0.28575089982560686,-2.01453,-0.73141,-0.65915
0.2860011195277309,-2.08935,-0.69764,-0.94472
0.28625133922985485,-1.82277,-0.64634,-0.8161
0.2865015589319789,-1.58914,-0.20322,-0.70446
0.28675177863410284,-1.418,0.39342,-0.9958
0.28700199833622686,-1.05989,0.56944,-1.25576
0.2872522180383509,-0.66703,0.54492,-0.99038
0.28750243774047485,-0.49701,0.81149,-0.53708
0.28775265744259887,-0.23121,1.02572,-0.39275
0.28800287714472284,0.11288,0.85515,-0.42861
0.28825309684684686,0.08781,0.6852,-0.16152
0.2885033165489709,0.02524,0.59919,0.27849
0.28875353625109484,0.21162,0.36671,0.34022
0.28900375595321887,0.20409,0.08737,0.16117
0.28925397565534283,0.10945,0.01249,0.20519
0.28950419535746685,0.28206,-0.05762,0.4842
0.2897544150595909,0.41149,-0.29013,0.66931
0.29000463476171484,0.24683,-0.31545,0.5995
0.29025485446383886,0.12811,-0.32126,0.526
0.29050507416596283,0.29712,-0.48758,0.60183
0.29075529386808685,0.39921,-0.41826,0.66105
0.29100551357021087,0.33728,-0.30909,0.63234
0.29125573327233484,0.29675,-0.38067,0.6057
0.29150595297445886,0.28575,-0.34316,0.58742
0.2917561726765828,0.34629,-0.3096,0.48367
0.29200639237870685,0.32646,-0.42864,0.30413
0.29225661208083087,0.23237,-0.36844,0.15273
0.29250683178295483,0.0803,-0.18193,0.01602
0.29275705148507886,-0.18059,-0.08989,-0.20991
0.2930072711872028,-0.28829,0.0373,-0.48761
0.29325749088932684,-0.36526,0.21782,-0.66148
0.2935077105914508,-0.46429,0.37467,-0.7186
0.29375793029357483,-0.34123,0.47817,-0.7392
0.29400814999569885,-0.14714,0.67525,-0.7102
0.2942583696978228,0.11314,0.84825,-0.59715
0.29450858939994684,0.4593,0.71711,-0.40798
0.2947588091020708,0.64728,0.52535,-0.21018
0.29500902880419483,0.80748,0.33095,-0.07682
0.29525924850631885,0.96744,0.10685,0.00235
0.2955094682084428,0.96712,-0.03305,0.0352
0.29575968791056684,0.96123,-0.22197,0.05139
0.2960099076126908,0.87935,-0.41752,0.11552
0.2962601273148148,0.71619,-0.47813,0.14196
0.29651034701693885,0.61986,-0.41238,0.0131
0.2967605667190628,0.53565,-0.32889,-0.14028
0.29701078642118683,0.53345,-0.20211,-0.1392
0.2972610061233108,0.46564,0.02919,-0.03668
0.2975112258254348,0.39678,0.21591,-0.01883
0.29776144552755884,0.61903,0.31554,-0.13541
0.2980116652296828,0.6574,0.34028,-0.14152
0.29826188493180683,0.49896,0.34167,0.01619
0.2985121046339308,0.70685,0.30975,0.09627
0.2987623243360548,0.88318,0.24099,0.13474
0.29901254403817884,0.80038,0.28834,0.18179
0.2992627637403028,0.74865,0.14656,0.23866
0.29951298344242683,0.68815,-0.19976,0.3506
0.2997632031445508,0.61194,-0.2346,0.36547
0.3000134228466748,0.41669,-0.29967,0.34344
0.3002636425487988,0.19259,-0.54131,0.36865
0.3005138622509228,0.1289,-0.56998,0.34927
0.3007640819530468,-0.02883,-0.66629,0.35589
0.3010143016551708,-0.23379,-0.76032,0.32486
0.3012645213572948,-0.27984,-0.61368,0.23277
0.3015147410594188,-0.31808,-0.39944,0.20413
0.3017649607615428,-0.4398,-0.11559,0.15757
0.3020151804636668,-0.47275,0.13905,0.08171
0.3022654001657908,-0.44992,0.37029,-0.01007
0.3025156198679148,-0.64448,0.54471,-0.0935
0.3027658395700388,-0.74557,0.61455,-0.10099
0.3030160592721628,-0.76193,0.8033,-0.18389
0.3032662789742868,-1.04985,0.88583,-0.31062
0.3035164986764108,-1.2345,0.71302,-0.32858
0.3037667183785348,-1.29789,0.57336,-0.30394
0.30401693808065877,-1.34631,0.53768,-0.37874
0.3042671577827828,-1.35904,0.44503,-0.56377
0.3045173774849068,-1.36629,0.17075,-0.5724
0.3047675971870308,-1.05641,-0.02264,-0.38368
0.3050178168891548,-0.72958,-0.06535,-0.3023
0.30526803659127877,-0.47342,-0.20387,-0.37654
0.3055182562934028,-0.12137,-0.38311,-0.41883
0.3057684759955268,0.04375,-0.5387,-0.24451
0.3060186956976508,0.24538,-0.53669,-0.06727
0.3062689153997748,0.35482,-0.4407,-0.09701
0.30651913510189877,0.36574,-0.43464,-0.08326
0.3067693548040228,0.38361,-0.3825,0.07733
0.3070195745061468,0.00088,-0.31807,0.2396
0.3072697942082708,-0.14885,-0.19547,0.25199
0.3075200139103948,-0.03402,-0.08364,0.19626
0.30777023361251876,-0.3661,-0.01282,0.3129
0.3080204533146428,-0.6469,0.18294,0.4581
0.3082706730167668,-0.55592,0.11888,0.47649
0.30852089271889077,-0.3835,0.03382,0.46695
0.3087711124210148,-0.2848,0.18116,0.47728
0.30902133212313876,-0.21029,0.03706,0.50578
0.3092715518252628,0.01978,-0.07368,0.47313
0.30952177152738675,0.26329,0.02972,0.37037
0.30977199122951077,0.36002,-0.03807,0.27954
0.3100222109316348,0.42167,-0.09324,0.18438
0.31027243063375876,0.36516,-0.00367,0.04187
0.3105226503358828,0.12707,0.10198,-0.08692
0.31077287003800674,0.00327,0.19406,-0.15634
0.31102308974013076,-0.07829,0.28622,-0.21757
0.3112733094422548,-0.45752,0.35478,-0.2709
0.31152352914437875,-0.68239,0.32731,-0.33076
0.3117737488465028,-0.56803,0.17063,-0.37956
0.31202396854862674,-0.59153,0.01472,-0.38091
0.31227418825075076,-0.5758,-0.11466,-0.36185
0.3125244079528748,-0.30699,-0.34602,-0.29948
0.31277462765499875,0.04576,-0.50892,-0.23709
0.31302484735712277,0.31126,-0.60818,-0.1864
0.31327506705924674,0.45768,-0.77868,-0.08978
0.31352528676137076,0.71145,-0.78009,0.01836
0.3137755064634948,1.01452,-0.60228,0.08539
0.31402572616561875,1.0041,-0.45157,0.07457
0.31427594586774277,0.8646,-0.32881,0.05144
0.31452616556986673,0.87811,-0.09714,0.05137
0.31477638527199076,0.71047,0.21462,-0.02516
0.3150266049741148,0.40866,0.42016,-0.1639
0.31527682467623874,0.12035,0.56862,-0.24465
0.31552704437836276,-0.16958,0.74014,-0.23427
0.31577726408048673,-0.15915,0.86953,-0.26068
0.31602748378261075,-0.15927,0.91911,-0.3514
0.3162777034847347,-0.18374,0.87451,-0.33728
0.31652792318685874,0.04735,0.70378,-0.19865
0.31677814288898276,0.11249,0.47832,-0.08473
0.3170283625911067,0.33861,0.23419,-0.06299
0.31727858229323075,0.74477,-0.14552,-0.01224
0.3175288019953547,0.65983,-0.50294,0.11741
0.31777902169747874,0.63327,-0.76864,0.21731
0.31802924139960276,0.95182,-1.10889,0.30107
0.3182794611017267,1.06161,-1.29327,0.36318
0.31852968080385075,0.90491,-1.24069,0.36037
0.3187799005059747,0.64264,-1.19769,0.33671
0.31903012020809873,0.54573,-1.08219,0.32487
0.31928033991022275,0.53813,-0.81611,0.3673
0.3195305596123467,0.24052,-0.52235,0.37923
0.31978077931447074,0.1841,-0.177,0.28858
0.3200309990165947,0.39296,0.2061,0.26855
0.32028121871871873,0.16933,0.59531,0.36628
0.32053143842084275,0.12369,0.97899,0.38318
0.3207816581229667,0.29871,1.19401,0.27336
0.32103187782509074,0.18814,1.2753,0.23767
0.3212820975272147,0.27057,1.23558,0.37088
0.3215323172293387,0.2719,1.03695,0.48243
0.32178253693146275,-0.00375,0.84404,0.39907
0.3220327566335867,-0.16809,0.46948,0.29882
0.32228297633571074,-0.25952,-0.05648,0.34827
0.3225331960378347,-0.44286,-0.35462,0.31235
0.3227834157399587,-0.96825,-0.57142,0.10432
0.32303363544208274,-1.32939,-0.8491,-0.06789
0.3232838551442067,-1.26522,-0.98264,-0.14325
0.32353407484633073,-1.62381,-0.85663,-0.31444
0.3237842945484547,-2.1543,-0.68975,-0.7267
0.3240345142505787,-2.08957,-0.7359,-0.96742
0.32428473395270274,-1.84447,-0.66043,-0.80939
0.3245349536548267,-1.70893,-0.13395,-0.77043
0.32478517335695073,-1.38648,0.3681,-1.06812
0.3250353930590747,-0.98806,0.46248,-1.23534
0.3252856127611987,-0.69003,0.50508,-0.89016
0.3255358324633227,-0.31476,0.78307,-0.44076
0.3257860521654467,-0.02337,0.99323,-0.40269
0.3260362718675707,-0.00175,0.87391,-0.40452
0.3262864915696947,0.1135,0.68736,-0.02629
0.3265367112718187,0.18256,0.59691,0.34714
0.3267869309739427,0.11729,0.39207,0.31223
0.3270371506760667,0.22051,0.09325,0.12544
0.3272873703781907,0.16943,-0.04567,0.23693
0.3275375900803147,0.26091,-0.11637,0.56955
0.3277878097824387,0.42181,-0.25046,0.66585
0.3280380294845627,0.16998,-0.3584,0.54285
0.3282882491866867,0.2216,-0.41486,0.52336
0.3285384688888107,0.33298,-0.40218,0.60529
0.3287886885909347,0.31801,-0.40663,0.64184
0.3290389082930587,0.46859,-0.40185,0.59982
0.3292891279951827,0.28569,-0.30008,0.5893
0.3295393476973067,0.32155,-0.29499,0.57006
0.3297895673994307,0.52945,-0.39514,0.44068
0.3300397871015547,0.30566,-0.37296,0.30143
0.3302900068036787,0.24011,-0.24568,0.16982
0.33054022650580267,0.1291,-0.18908,0.00055
0.3307904462079267,-0.11074,-0.09044,-0.22589
0.3310406659100507,-0.20198,0.0974,-0.45463
0.3312908856121747,-0.38265,0.17892,-0.58312
0.3315411053142987,-0.36339,0.2955,-0.678
0.33179132501642267,-0.26617,0.5237,-0.7405
0.3320415447185467,-0.12859,0.6769,-0.68747
0.33229176442067065,0.22228,0.73389,-0.55889
0.3325419841227947,0.42986,0.69152,-0.40052
0.3327922038249187,0.62963,0.52251,-0.26675
0.33304242352704266,0.78194,0.28108,-0.12337
0.3332926432291667,0.82794,0.09771,0.02152
0.33354286293129065,0.90615,-0.02783,0.02313
0.3337930826334147,0.86295,-0.24581,-0.00206
0.3340433023355387,0.79962,-0.43567,0.05376
0.33429352203766266,0.72053,-0.42818,0.07094
0.3345437417397867,0.68138,-0.35609,-0.03153
0.33479396144191065,0.57657,-0.25967,-0.18435
0.33504418114403467,0.32673,-0.12023,-0.15074
0.3352944008461587,0.42249,0.05061,-0.00295
0.33554462054828266,0.57397,0.30769,-0.03152
0.3357948402504067,0.48907,0.43048,-0.13361
0.33604505995253064,0.65902,0.37887,-0.10214
0.33629527965465467,0.74906,0.34578,0.03164
0.3365454993567787,0.6617,0.31522,0.13416
0.33679571905890265,0.84275,0.28543,0.13266
0.3370459387610267,0.86829,0.15902,0.16199
0.33729615846315064,0.67788,0.03329,0.31201
0.33754637816527466,0.56798,-0.09428,0.37955
0.3377965978673987,0.47749,-0.36445,0.35551
0.33804681756952265,0.36523,-0.44798,0.37188
0.3382970372716467,0.06659,-0.46905,0.37172
0.33854725697377064,-0.10968,-0.69793,0.3851
0.33879747667589466,-0.09219,-0.80614,0.34462
0.3390476963780187,-0.27662,-0.75351,0.24917
0.33929791608014265,-0.3349,-0.72333,0.23561
0.33954813578226667,-0.29947,-0.54164,0.20872
0.33979835548439064,-0.36938,-0.12266,0.15299
0.34004857518651466,-0.40825,0.22165,0.05324
0.3402987948886387,-0.52135,0.41199,-0.05899
0.34054901459076264,-0.51384,0.65392,-0.06832
0.34079923429288667,-0.65883,0.83817,-0.11374
0.34104945399501063,-0.94345,0.91925,-0.23014
0.34129967369713465,-0.9658,0.95481,-0.32794
0.3415498933992586,-1.24539,0.80379,-0.34686
0.34180011310138264,-1.46865,0.6063,-0.33354
0.34205033280350666,-1.36725,0.51077,-0.46729
0.34230055250563063,-1.36868,0.39182,-0.60766
0.34255077220775465,-1.26625,0.19489,-0.5639
0.3428009919098786,-1.09824,-0.01744,-0.4102
0.34305121161200264,-0.73906,-0.09789,-0.31037
0.34330143131412666,-0.22946,-0.18861,-0.37495
0.3435516510162506,-0.0206,-0.44562,-0.35547
0.34380187071837465,0.13364,-0.5858,-0.17077
0.3440520904204986,0.36542,-0.58646,-0.06328
0.34430231012262263,0.51714,-0.58132,-0.01943
0.34455252982474666,0.50824,-0.52234,-0.00929
0.3448027495268706,0.29275,-0.48538,0.09948
0.34505296922899464,0.119,-0.3701,0.28942
0.3453031889311186,-0.03995,-0.15435,0.29513
0.34555340863324263,-0.29921,-0.02102,0.27499
0.34580362833536665,-0.37642,0.07759,0.32681
0.3460538480374906,-0.49867,0.1169,0.42294
0.34630406773961464,-0.67623,0.16586,0.5188
0.3465542874417386,-0.46063,0.20287,0.45175
0.34680450714386263,-0.2151,0.06551,0.40993
0.34705472684598665,-0.13191,0.07122,0.44821
0.3473049465481106,0.07722,0.09054,0.39394
0.34755516625023464,0.2893,-0.06033,0.29496
0.3478053859523586,0.35817,0.01445,0.19469
0.3480556056544826,0.39031,0.05418,0.10698
0.3483058253566066,0.36492,-0.0419,0.01249
0.3485560450587306,0.17154,0.10661,-0.14069
0.34880626476085463,-0.08259,0.23403,-0.26857
0.3490564844629786,-0.30585,0.20388,-0.27627
0.3493067041651026,-0.45667,0.2685,-0.26365
0.3495569238672266,-0.58847,0.2979,-0.33396
0.3498071435693506,-0.70753,0.11304,-0.38986
0.35005736327147463,-0.62874,-0.11245,-0.36605
0.3503075829735986,-0.45364,-0.25521,-0.29704
0.3505578026757226,-0.30157,-0.40927,-0.25073
0.3508080223778466,0.05498,-0.61104,-0.24746
0.3510582420799706,0.44914,-0.75764,-0.14645
0.3513084617820946,0.56023,-0.77701,0.02045
0.3515586814842186,0.79584,-0.73876,0.11439
0.3518089011863426,1.02884,-0.6386,0.1346
0.3520591208884666,0.94493,-0.43429,0.10016
0.3523093405905906,0.91121,-0.22315,0.1005
0.3525595602927146,0.75763,-0.03724,0.07817
0.3528097799948386,0.55185,0.22016,-0.05713
0.3530599996969626,0.34148,0.48358,-0.20244
0.3533102193990866,-0.0814,0.62617,-0.26601
0.3535604391012106,-0.20888,0.79502,-0.26055
0.3538106588033346,-0.18325,0.93694,-0.30165
0.3540608785054586,-0.22163,0.9314,-0.35439
0.3543110982075826,-0.09913,0.88176,-0.32484
0.3545613179097066,-0.05617,0.68666,-0.20224
0.3548115376118306,0.22512,0.46705,-0.06984
0.3550617573139546,0.58234,0.24005,-0.0398
0.3553119770160786,0.49819,-0.12603,0.00918
0.3555621967182026,0.70636,-0.48286,0.11656
0.35581241642032657,0.97358,-0.88446,0.2429
0.3560626361224506,0.85348,-1.10309,0.32722
0.3563128558245746,0.95073,-1.21206,0.29608
0.3565630755266986,0.9137,-1.3793,0.31008
0.3568132952288226,0.63257,-1.17413,0.33656
0.35706351493094657,0.50705,-0.99782,0.32645
0.3573137346330706,0.39644,-0.91305,0.3573
0.35756395433519456,0.33032,-0.46474,0.3379
0.3578141740373186,0.24698,-0.08905,0.32489
0.3580643937394426,0.20591,0.20776,0.34181
0.35831461344156657,0.38012,0.65059,0.32974
0.3585648331436906,0.32399,1.00261,0.30901
0.35881505284581455,0.15551,1.16661,0.27681
0.3590652725479386,0.3835,1.21942,0.31351
0.3593154922500626,0.4501,1.19989,0.39862
0.35956571195218656,0.18496,1.04692,0.431
0.3598159316543106,0.04307,0.7919,0.39977
0.36006615135643455,-0.0639,0.41187,0.39143
0.36031637105855857,-0.31266,0.01337,0.40231
0.3605665907606826,-0.64289,-0.30324,0.26444
0.36081681046280656,-0.94046,-0.62088,0.06586
0.3610670301649306,-1.20387,-0.82929,-0.06319
0.36131724986705455,-1.42976,-0.95873,-0.16647
0.36156746956917857,-1.74315,-0.92099,-0.40648
0.3618176892713026,-1.99416,-0.72107,-0.81301
0.36206790897342656,-1.9592,-0.72558,-0.94038
0.3623181286755506,-1.88409,-0.60889,-0.78588
0.36256834837767454,-1.59391,-0.06014,-0.81851
0.36281856807979856,-1.18182,0.38788,-1.0875
0.3630687877819226,-0.97631,0.45602,-1.2167
0.36331900748404655,-0.65379,0.50102,-0.86442
0.3635692271861706,-0.34588,0.75597,-0.44974
0.36381944688829454,-0.04589,0.91027,-0.39924
0.36406966659041856,0.1318,0.80312,-0.35445
0.3643198862925425,-0.11371,0.7025,-0.0143
0.36457010599466655,0.07997,0.60249,0.35198
0.36482032569679057,0.27753,0.37416,0.31928
0.36507054539891454,-0.05051,0.17297,0.11821
0.36532076510103856,0.20878,0.01855,0.25317
0.3655709848031625,0.43382,-0.15187,0.59078
0.36582120450528655,0.17701,-0.20093,0.69963
0.36607142420741057,0.26388,-0.33168,0.55546
0.36632164390953453,0.32575,-0.49222,0.52172
0.36657186361165855,0.30679,-0.39203,0.6363
0.3668220833137825,0.37571,-0.41255,0.66577
0.36707230301590654,0.31946,-0.4445,0.6132
0.36732252271803056,0.35561,-0.3013,0.58326
0.36757274242015453,0.3515,-0.34799,0.58328
0.36782296212227855,0.28939,-0.42954,0.47017
0.3680731818244025,0.33878,-0.39673,0.22596
0.36832340152652654,0.08267,-0.30962,0.05941
0.36857362122865056,-0.17127,-0.19845,-0.04106
0.3688238409307745,-0.07339,-0.07265,-0.26114
0.36907406063289855,-0.35689,0.1373,-0.52869
0.3693242803350225,-0.62193,0.29585,-0.68817
0.36957450003714654,-0.37379,0.39156,-0.71386
0.36982471973927056,-0.23602,0.58241,-0.67286
0.3700749394413945,-0.12639,0.82526,-0.65649
0.37032515914351855,0.19236,0.84283,-0.55934
0.3705753788456425,0.5669,0.68177,-0.33938
0.37082559854776653,0.73812,0.58456,-0.1662
0.37107581824989055,0.77159,0.32489,-0.05581
0.3713260379520145,0.92597,0.0498,0.00838
0.37157625765413854,0.98328,-0.0406,0.03173
0.3718264773562625,0.88671,-0.27057,0.08096
0.37207669705838653,0.78447,-0.5153,0.0845
0.37232691676051055,0.7354,-0.5444,0.05645
0.3725771364626345,0.63926,-0.43261,-0.0138
0.37282735616475854,0.4299,-0.30817,-0.1528
0.3730775758668825,0.39227,-0.17015,-0.13873
0.3733277955690065,0.46292,0.0853,-0.05563
0.3735780152711305,0.52537,0.28799,-0.07525
0.3738282349732545,0.59825,0.38706,-0.13971
0.37407845467537854,0.52507,0.42644,-0.16335
0.3743286743775025,0.67167,0.33053,-0.01795
0.3745788940796265,0.88053,0.28955,0.09796
0.3748291137817505,0.79396,0.29402,0.09122
0.3750793334838745,0.8824,0.15122,0.16904
0.37532955318599853,0.80719,-0.02886,0.28502
0.3755797728881225,0.57275,-0.19722,0.3732
0.3758299925902465,0.57861,-0.3546,0.40856
0.3760802122923705,0.36861,-0.49906,0.37746
0.3763304319944945,0.1493,-0.62245,0.40685
0.37658065169661853,-0.0002,-0.68673,0.44163
0.3768308713987425,-0.12402,-0.76902,0.35997
0.3770810911008665,-0.14344,-0.7752,0.28102
0.3773313108029905,-0.36326,-0.63961,0.22822
0.3775815305051145,-0.32757,-0.42917,0.18892
0.3778317502072385,-0.29234,-0.11573,0.13967
0.3780819699093625,-0.61698,0.22081,0.00308
0.3783321896114865,-0.57163,0.4755,-0.06566
0.3785824093136105,-0.53719,0.61478,-0.07363
0.3788326290157345,-0.72041,0.78529,-0.12501
0.3790828487178585,-0.87009,1.02201,-0.21788
0.3793330684199825,-1.15779,0.94699,-0.32616
0.3795832881221065,-1.20763,0.75497,-0.31344
0.3798335078242305,-1.35288,0.71241,-0.31946
0.3800837275263545,-1.52943,0.49384,-0.4703
0.38033394722847846,-1.29905,0.29513,-0.58857
0.3805841669306025,-1.27705,0.15757,-0.53377
0.3808343866327265,-1.03809,-0.06463,-0.35725
0.3810846063348505,-0.59039,-0.14361,-0.32426
0.3813348260369745,-0.36433,-0.28153,-0.39217
0.38158504573909846,0.00212,-0.45849,-0.33013
0.3818352654412225,0.10778,-0.54361,-0.19281
0.3820854851433465,0.2317,-0.56349,-0.07388
0.38233570484547047,0.47124,-0.43269,-0.07301
0.3825859245475945,0.38384,-0.45566,-0.05498
0.38283614424971846,0.247,-0.4597,0.12275
0.3830863639518425,-0.0175,-0.28848,0.23182
0.3833365836539665,-0.13823,-0.2042,0.25963
0.38358680335609047,-0.18773,0.03307,0.26698
0.3838370230582145,-0.52788,0.17675,0.30963
0.38408724276033845,-0.5643,0.11105,0.46436
0.3843374624624625,-0.41463,0.21798,0.50287
0.3845876821645865,-0.44699,0.24416,0.48127
0.38483790186671046,-0.2301,0.14149,0.49262
0.3850881215688345,0.02277,0.02851,0.44255
0.38533834127095845,0.11523,-0.03122,0.42856
0.3855885609730825,0.33304,0.00465,0.35551
0.3858387806752065,0.45232,-0.13785,0.22005
0.38608900037733046,0.41001,-0.14376,0.1303
0.3863392200794545,0.28506,0.06504,0.01512
0.38658943978157845,0.1837,0.06449,-0.09171
0.38683965948370247,-0.00289,0.13276,-0.18196
0.3870898791858265,-0.41177,0.29978,-0.26242
0.38734009888795046,-0.54511,0.2839,-0.30465
0.3875903185900745,-0.5855,0.20698,-0.34012
0.38784053829219844,-0.75502,0.14088,-0.37818
0.38809075799432247,-0.67937,-0.01989,-0.38983
0.3883409776964465,-0.49432,-0.27735,-0.34462
0.38859119739857045,-0.18066,-0.39484,-0.28255
0.3888414171006945,0.17907,-0.49416,-0.23062
0.38909163680281844,0.32789,-0.73874,-0.14643
0.38934185650494246,0.64797,-0.78723,-0.00877
0.38959207620706643,0.89238,-0.69503,0.10934
0.38984229590919045,0.90682,-0.62356,0.11337
0.39009251561131447,1.08161,-0.46151,0.06003
0.39034273531343844,0.95137,-0.26811,0.06251
0.39059295501556246,0.74225,-0.02228,0.05398
0.3908431747176864,0.61799,0.2093,-0.08217
0.39109339441981045,0.2319,0.40652,-0.23362
0.39134361412193447,0.00749,0.63819,-0.27397
0.39159383382405843,-0.15492,0.76305,-0.25903
0.39184405352618246,-0.25252,0.9037,-0.29592
0.3920942732283064,-0.14523,0.99199,-0.38891
0.39234449293043044,-0.08746,0.82459,-0.34386
0.39259471263255447,0.00685,0.68257,-0.16749
0.39284493233467843,0.24905,0.50397,-0.06513
0.39309515203680245,0.58756,0.17089,0.00393
0.3933453717389264,0.72117,-0.12191,0.05622
0.39359559144105044,0.6753,-0.50915,0.13831
0.39384581114317446,0.90425,-0.9177,0.28292
0.39409603084529843,1.15826,-1.15028,0.33413
0.39434625054742245,0.96782,-1.26588,0.38215
0.3945964702495464,0.78528,-1.23685,0.37022
0.39484668995167044,0.76958,-1.21939,0.30376
0.39509690965379446,0.50369,-1.08972,0.37486
0.3953471293559184,0.2697,-0.73445,0.35619
0.39559734905804245,0.33356,-0.4981,0.31583
0.3958475687601664,0.3182,-0.08153,0.33341
0.39609778846229043,0.13518,0.48108,0.32458
0.3963480081644144,0.1823,0.74443,0.37265
0.3965982278665384,0.27385,1.04796,0.27564
0.39684844756866244,0.20497,1.29502,0.20176
0.3970986672707864,0.2743,1.23112,0.31129
0.39734888697291043,0.33376,1.13616,0.37897
0.3975991066750344,0.18512,1.04945,0.38428
0.3978493263771584,-0.06701,0.74626,0.32124
0.39809954607928244,-0.18716,0.26041,0.36823
0.3983497657814064,-0.28324,-0.02551,0.40505
0.39859998548353043,-0.76029,-0.2715,0.17892
0.3988502051856544,-1.16163,-0.64123,-0.01506
0.3991004248877784,-1.14798,-0.86668,-0.05893
0.39935064458990244,-1.48413,-0.97131,-0.11075
0.3996008642920264,-1.99015,-0.90398,-0.43998
0.3998510839941504,-2.01433,-0.84731,-0.88116
0.4001013036962744,-1.94887,-0.86121,-0.87016
0.4003515233983984,-1.8181,-0.55412,-0.6873
0.40060174310052243,-1.60143,-0.06848,-0.80162
0.4008519628026464,-1.22755,0.36142,-1.11443
0.4011021825047704,-0.75517,0.55694,-1.16067
0.4013524022068944,-0.64219,0.59141,-0.71225
0.4016026219090184,-0.35741,0.89512,-0.42509
0.40185284161114243,0.07667,0.99723,-0.47698
0.4021030613132664,0.07959,0.75374,-0.32766
0.4023532810153904,-0.02154,0.69507,0.06386
0.4026035007175144,0.03901,0.49696,0.35322
0.4028537204196384,0.17131,0.2263,0.25832
0.4031039401217624,0.1802,0.11756,0.0994
0.4033541598238864,0.06141,-0.06995,0.32926
0.4036043795260104,0.24672,-0.16365,0.62844
0.4038545992281344,0.42122,-0.26995,0.65571
0.4041048189302584,0.14558,-0.36626,0.55975
0.4043550386323824,0.24113,-0.37019,0.52019
0.4046052583345064,0.53573,-0.5226,0.61445
0.4048554780366304,0.39484,-0.41785,0.66256
0.4051056977387544,0.37574,-0.28258,0.57202
0.4053559174408784,0.47006,-0.41275,0.59195
0.40560613714300237,0.42534,-0.27266,0.61193
0.4058563568451264,0.37687,-0.26518,0.4663
0.4061065765472504,0.32391,-0.40454,0.27501
0.4063567962493744,0.13162,-0.20268,0.08377
0.4066070159514984,-0.07847,-0.07311,-0.0559
0.40685723565362236,-0.20738,-0.028,-0.23965
0.4071074553557464,-0.31915,0.12397,-0.49729
0.4073576750578704,-0.42519,0.2633,-0.67116
0.40760789475999437,-0.50654,0.34459,-0.72865
0.4078581144621184,-0.23758,0.49335,-0.69737
0.40810833416424236,0.04696,0.76614,-0.64498
0.4083585538663664,0.16457,0.79613,-0.54298
0.4086087735684904,0.53101,0.63044,-0.36447
0.40885899327061437,0.81133,0.48525,-0.17963
0.4091092129727384,0.78235,0.31412,-0.04192
0.40935943267486236,0.86517,0.17037,-0.03543
0.4096096523769864,0.99326,-0.04447,-0.04532
0.4098598720791104,0.84989,-0.23138,0.01578
0.41011009178123436,0.7833,-0.37929,0.0578
0.4103603114833584,0.69467,-0.50555,0.04611
0.41061053118548235,0.51381,-0.37387,-0.09382
0.4108607508876064,0.48659,-0.23698,-0.17942
0.4111109705897304,0.36786,-0.14978,-0.08324
0.41136119029185436,0.45717,0.07867,-0.04008
0.4116114099939784,0.61615,0.24821,-0.07896
0.41186162969610235,0.53892,0.32783,-0.1319
0.41211184939822637,0.65821,0.3659,-0.06883
0.41236206910035034,0.7475,0.31402,0.11272
0.41261228880247436,0.82531,0.27292,0.15461
0.4128625085045984,0.96571,0.22741,0.14843
0.41311272820672235,0.73074,0.10766,0.22156
0.41336294790884637,0.67968,-0.03389,0.34039
0.41361316761097033,0.75967,-0.21996,0.44904
0.41386338731309436,0.34923,-0.31473,0.39768
0.4141136070152184,0.15283,-0.43445,0.3525
0.41436382671734234,0.14293,-0.67504,0.40998
0.41461404641946636,-0.12338,-0.67815,0.40375
0.41486426612159033,-0.26025,-0.71683,0.34718
0.41511448582371435,-0.25139,-0.78595,0.25677
0.4153647055258384,-0.23272,-0.53067,0.21354
0.41561492522796234,-0.31926,-0.32218,0.21684
0.41586514493008636,-0.40447,-0.07163,0.10639
0.4161153646322103,-0.42756,0.32557,-0.0262
0.41636558433433435,-0.56213,0.53747,-0.09903
0.41661580403645837,-0.62371,0.64629,-0.11152
0.41686602373858234,-0.62841,0.80137,-0.12839
0.41711624344070636,-0.88662,0.96395,-0.27604
0.4173664631428303,-1.24052,0.92603,-0.35131
0.41761668284495435,-1.33194,0.75482,-0.33291
0.41786690254707837,-1.35974,0.66694,-0.39049
0.41811712224920233,-1.47858,0.58941,-0.49927
0.41836734195132635,-1.42922,0.3905,-0.60299
0.4186175616534503,-1.1676,0.06858,-0.48337
0.41886778135557434,-0.91866,-0.06173,-0.32196
0.41911800105769836,-0.61744,-0.14709,-0.35589
0.41936822075982233,-0.12659,-0.40257,-0.36408
0.41961844046194635,0.15779,-0.5274,-0.29344
0.4198686601640703,0.25733,-0.59176,-0.11529
0.42011887986619434,0.43323,-0.56263,-0.01267
0.42036909956831836,0.54644,-0.46235,-0.0314
0.4206193192704423,0.4788,-0.45527,0.09128
0.42086953897256635,0.17102,-0.3591,0.20576
0.4211197586746903,0.0219,-0.26423,0.2635
0.42136997837681434,-0.02837,-0.13932,0.27972
0.4216201980789383,-0.38124,0.03723,0.25349
0.4218704177810623,-0.55072,0.0982,0.33633
0.42212063748318635,-0.55116,0.19221,0.40598
0.4223708571853103,-0.53839,0.22982,0.43241
0.42262107688743433,-0.32758,0.21316,0.46178
0.4228712965895583,-0.31583,0.25691,0.42283
0.4231215162916823,-0.12083,0.12642,0.40952
0.42337173599380634,0.29235,0.01532,0.39202
0.4236219556959303,0.30601,0.0327,0.28538
0.42387217539805433,0.43094,-0.09866,0.17662
0.4241223951001783,0.452,-0.15715,0.05818
0.4243726148023023,0.19624,-0.05921,-0.05324
0.42462283450442634,0.14255,0.02608,-0.11718
0.4248730542065503,-0.07388,0.12236,-0.20976
0.4251232739086743,-0.41678,0.17025,-0.2779
0.4253734936107983,-0.6502,0.2397,-0.28788
0.4256237133129223,-0.68227,0.23911,-0.33127
0.42587393301504634,-0.54742,0.07675,-0.36438
0.4261241527171703,-0.62526,-0.04484,-0.34343
0.4263743724192943,-0.49118,-0.23337,-0.28063
0.4266245921214183,0.02807,-0.44822,-0.20267
0.4268748118235423,0.20214,-0.55773,-0.16433
0.42712503152566633,0.33851,-0.67587,-0.08256
0.4273752512277903,0.73803,-0.76478,0.04446
0.4276254709299143,0.94771,-0.7512,0.11446
0.4278756906320383,1.04513,-0.5557,0.10638
0.4281259103341623,0.99831,-0.40801,0.05454
0.4283761300362863,0.90768,-0.3141,0.06508
0.4286263497384103,0.71357,0.02001,0.03546
0.4288765694405343,0.41563,0.25213,-0.1221
0.4291267891426583,0.29254,0.41352,-0.26859
0.4293770088447823,-0.10627,0.66663,-0.30656
0.42962722854690627,-0.31123,0.79409,-0.24682
0.4298774482490303,-0.16915,0.92418,-0.29477
0.4301276679511543,-0.20859,0.94797,-0.37593
0.4303778876532783,-0.06399,0.84849,-0.29231
0.4306281073554023,0.09058,0.67618,-0.16606
0.43087832705752627,0.31552,0.40846,-0.05022
0.4311285467596503,0.64895,0.21973,-0.01366
0.4313787664617743,0.68175,-0.14557,0.04149
0.4316289861638983,0.7716,-0.54493,0.19535
0.4318792058660223,0.88282,-0.79375,0.26119
0.43212942556814626,0.95324,-1.13727,0.31735
0.4323796452702703,1.09158,-1.27142,0.34198
0.4326298649723943,0.80485,-1.2223,0.3147
0.4328800846745183,0.5328,-1.18575,0.35453
0.4331303043766423,0.58719,-1.01051,0.33301
0.43338052407876626,0.36384,-0.77993,0.32489
0.4336307437808903,0.21022,-0.39532,0.33115
0.4338809634830143,0.2692,0.0419,0.28136
0.43413118318513827,0.24057,0.38862,0.35186
0.4343814028872623,0.21069,0.86854,0.3754
0.43463162258938626,0.25165,1.14768,0.28449
0.4348818422915103,0.34533,1.15988,0.2765
0.4351320619936343,0.27516,1.22636,0.33274
0.43538228169575827,0.26584,1.11916,0.42898
0.4356325013978823,0.24525,0.89374,0.40771
0.43588272110000625,-0.00487,0.60095,0.33262
0.4361329408021303,-0.08651,0.1733,0.41735
0.4363831605042543,-0.27713,-0.19043,0.38629
0.43663338020637826,-0.74554,-0.46353,0.16433
0.4368835999085023,-1.07225,-0.624,-0.05275
0.43713381961062625,-1.18189,-0.86638,-0.11885
0.4373840393127503,-1.33859,-0.97394,-0.13276
0.43763425901487424,-1.83947,-0.75612,-0.48708
0.43788447871699826,-2.09703,-0.75986,-0.88469
0.4381346984191223,-1.80416,-0.78727,-0.8812
0.43838491812124625,-1.76746,-0.49726,-0.7135
0.43863513782337027,-1.65424,0.00223,-0.80447
0.43888535752549424,-1.12554,0.40047,-1.16615
0.43913557722761826,-0.87684,0.41661,-1.12651
0.4393857969297423,-0.6489,0.59773,-0.65181
0.43963601663186624,-0.31474,0.90545,-0.41728
0.43988623633399027,-0.02193,0.87847,-0.43738
0.44013645603611423,0.12572,0.81173,-0.33489
0.44038667573823825,0.00549,0.68583,0.08949
0.4406368954403623,0.18044,0.49616,0.38216
0.44088711514248624,0.26881,0.31168,0.20667
0.44113733484461026,0.0897,0.04517,0.14997
0.44138755454673423,0.25901,-0.04236,0.39411
0.44163777424885825,0.39696,-0.15621,0.62573
0.44188799395098227,0.34379,-0.32282,0.66877
0.44213821365310624,0.29715,-0.29942,0.54473
0.44238843335523026,0.18605,-0.39416,0.58803
0.4426386530573542,0.26607,-0.42243,0.6702
0.44288887275947825,0.42255,-0.39995,0.58663
0.44313909246160227,0.30017,-0.45734,0.59044
0.44338931216372623,0.18241,-0.29173,0.61357
0.44363953186585026,0.27917,-0.36105,0.54597
0.4438897515679742,0.34661,-0.49387,0.41311
0.44413997127009824,0.22839,-0.30472,0.20274
0.4443901909722222,0.09439,-0.3211,0.06928
0.44464041067434623,-0.02661,-0.24133,-0.07035
0.44489063037647025,-0.17283,0.05483,-0.33118
0.4451408500785942,-0.30186,0.19173,-0.53629
0.44539106978071824,-0.47558,0.305,-0.6692
0.4456412894828422,-0.41925,0.42317,-0.72471
0.44589150918496623,-0.17404,0.66125,-0.70269
0.44614172888709025,0.01889,0.83176,-0.65567
0.4463919485892142,0.30901,0.83253,-0.49301
0.44664216829133824,0.53931,0.80541,-0.31027
0.4468923879934622,0.68386,0.52216,-0.14835
0.4471426076955862,0.87328,0.28909,-0.01322
0.44739282739771025,0.86105,0.15383,-0.01408
0.4476430470998342,0.79882,-0.10662,-0.01142
0.44789326680195823,0.91676,-0.30138,0.02187
0.4481434865040822,0.82012,-0.51732,0.07338
0.4483937062062062,0.6827,-0.54145,0.06919
0.44864392590833024,0.65077,-0.43324,-0.10483
0.4488941456104542,0.46498,-0.39316,-0.15491
0.44914436531257823,0.48807,-0.15084,-0.07018
0.4493945850147022,0.55693,0.01828,-0.03231
0.4496448047168262,0.49187,0.13106,-0.05362
0.44989502441895024,0.60385,0.27544,-0.14222
0.4501452441210742,0.62858,0.207,-0.04337
0.4503954638231982,0.64017,0.21642,0.11869
0.4506456835253222,0.8289,0.26803,0.12276
0.4508959032274462,0.85541,0.21948,0.15899
0.45114612292957024,0.82566,0.19483,0.2086
0.4513963426316942,0.72003,0.04633,0.32848
0.4516465623338182,0.53959,-0.09783,0.43782
0.4518967820359422,0.57103,-0.18888,0.38594
0.4521470017380662,0.2491,-0.37728,0.37756
0.45239722144019023,-0.00384,-0.46072,0.37258
0.4526474411423142,0.18616,-0.62233,0.37548
0.4528976608444382,-0.13021,-0.75862,0.37265
0.4531478805465622,-0.35142,-0.62511,0.2434
0.4533981002486862,-0.1795,-0.64808,0.20683
0.4536483199508102,-0.23651,-0.43252,0.20973
0.4538985396529342,-0.35863,0.00707,0.10457
0.4541487593550582,-0.5412,0.14577,-0.02099
0.4543989790571822,-0.57593,0.40427,-0.10013
0.4546491987593062,-0.54722,0.61409,-0.05216
0.45489941846143017,-0.77524,0.71971,-0.07394
0.4551496381635542,-0.96182,0.89238,-0.23891
0.4553998578656782,-1.10591,0.84758,-0.32603
0.4556500775678022,-1.35849,0.73426,-0.3292
0.4559002972699262,-1.40117,0.61656,-0.34769
0.45615051697205017,-1.32151,0.59103,-0.50411
0.4564007366741742,-1.42325,0.4392,-0.59906
0.4566509563762982,-1.28801,0.08008,-0.42706
0.4569011760784222,-0.8638,0.0001,-0.30116
0.4571513957805462,-0.61152,-0.06717,-0.3488
0.45740161548267017,-0.34646,-0.23826,-0.41905
0.4576518351847942,0.04427,-0.46223,-0.32139
0.4579020548869182,0.17617,-0.59638,-0.10773
0.4581522745890422,0.32891,-0.4244,-0.09036
0.4584024942911662,0.49215,-0.46397,-0.10658
0.45865271399329016,0.29174,-0.48787,0.02612
0.4589029336954142,0.11992,-0.29341,0.18077
0.4591531533975382,-0.03723,-0.25472,0.26123
0.45940337309966217,-0.1593,-0.12532,0.20919
0.4596535928017862,-0.20305,0.06092,0.23961
0.45990381250391016,-0.48836,0.16975,0.38025
0.4601540322060342,-0.60457,0.24032,0.4366
0.46040425190815815,-0.44353,0.20998,0.4632
0.46065447161028217,-0.32566,0.18324,0.47946
0.4609046913124062,-0.16359,0.13008,0.49256
0.46115491101453016,-0.07901,0.03923,0.4881
0.4614051307166542,0.11314,-0.02212,0.41426
0.46165535041877814,0.49164,-0.12887,0.32044
0.46190557012090216,0.37974,-0.17964,0.20059
0.4621557898230262,0.26322,-0.16005,0.05546
0.46240600952515015,0.37145,-0.19421,-0.02839
0.4626562292272742,0.04268,-0.00169,-0.09764
0.46290644892939814,-0.19242,0.22269,-0.21458
0.46315666863152216,-0.31327,0.15525,-0.26431
0.4634068883336462,-0.542,0.25711,-0.29716
0.46365710803577015,-0.66023,0.32025,-0.37029
0.46390732773789417,-0.72585,0.11079,-0.41745
0.46415754744001814,-0.57963,0.00572,-0.42658
0.46440776714214216,-0.35472,-0.13824,-0.32689
0.4646579868442662,-0.08097,-0.33047,-0.24379
0.46490820654639015,0.26529,-0.50212,-0.22335
0.46515842624851417,0.44324,-0.65083,-0.12633
0.46540864595063813,0.58949,-0.70046,0.02281
0.46565886565276216,0.94636,-0.69231,0.14583
0.4659090853548862,1.22664,-0.53287,0.11683
0.46615930505701014,1.05798,-0.4272,0.06777
0.46640952475913416,0.88217,-0.32923,0.11806
0.46665974446125813,0.91861,-0.06519,0.08457
0.46690996416338215,0.60138,0.17989,-0.07075
0.4671601838655062,0.14817,0.44875,-0.25475
0.46741040356763014,-0.00617,0.60054,-0.26563
0.46766062326975416,-0.17084,0.77441,-0.19188
0.4679108429718781,-0.20796,0.99805,-0.29333
0.46816106267400215,-0.11664,0.92716,-0.38067
0.46841128237612617,-0.10872,0.85494,-0.33223
0.46866150207825014,0.09869,0.69784,-0.17087
0.46891172178037416,0.36307,0.39724,-0.03562
0.4691619414824981,0.59806,0.15825,-0.03831
0.46941216118462215,0.74998,-0.22316,0.05564
0.4696623808867461,0.7458,-0.57523,0.17612
0.46991260058887013,0.93093,-0.88109,0.25076
0.47016282029099415,1.07202,-1.1606,0.31799
0.4704130399931181,0.98773,-1.23318,0.30947
0.47066325969524214,0.90697,-1.22318,0.33944
0.4709134793973661,0.62799,-1.11291,0.33301
0.47116369909949013,0.4416,-0.95877,0.33915
0.47141391880161415,0.537,-0.72429,0.35158
0.4716641385037381,0.28185,-0.25967,0.24678
0.47191435820586214,0.14223,0.15273,0.26027
0.4721645779079861,0.32737,0.50083,0.3407
0.4724147976101101,0.17423,0.94736,0.35804
0.47266501731223415,0.11386,1.20126,0.29143
0.4729152370143581,0.24472,1.22689,0.22693
0.47316545671648214,0.29556,1.22551,0.3713
0.4734156764186061,0.21767,1.12407,0.4623
0.4736658961207301,0.03333,0.88765,0.3881
0.47391611582285414,0.02484,0.51517,0.36148
0.4741663355249781,-0.14471,0.1032,0.38511
0.47441655522710213,-0.52339,-0.2361,0.32223
0.4746667749292261,-0.83681,-0.5158,0.01991
0.4749169946313501,-1.24116,-0.75362,-0.2318
0.47516721433347414,-1.498,-0.97101,-0.18354
0.4754174340355981,-1.65184,-0.99144,-0.25457
0.47566765373772213,-1.95914,-0.88693,-0.61107
0.4759178734398461,-2.01133,-0.80314,-0.88679
0.4761680931419701,-1.89668,-0.69218,-0.82095
0.4764183128440941,-1.70997,-0.42858,-0.65116
0.4766685325462181,-1.36467,0.16216,-0.84701
0.4769187522483421,-1.05753,0.48455,-1.10928
0.4771689719504661,-0.66326,0.44017,-0.90348
0.4774191916525901,-0.45456,0.6808,-0.49905
0.4776694113547141,-0.2365,0.93057,-0.32968
0.4779196310568381,0.08659,0.89775,-0.3808
0.4781698507589621,0.05339,0.759,-0.20103
0.4784200704610861,0.09982,0.66017,0.22752
0.4786702901632101,0.13444,0.50522,0.32958
0.4789205098653341,0.09517,0.206,0.19435
0.4791707295674581,0.14436,0.07472,0.23542
0.4794209492695821,0.09626,-0.05164,0.47251
0.4796711689717061,0.26631,-0.30535,0.65275
0.4799213886738301,0.30097,-0.37949,0.55553
0.4801716083759541,0.16998,-0.46071,0.50212
0.4804218280780781,0.34038,-0.53103,0.61164
0.4806720477802021,0.33183,-0.44472,0.60592
0.4809222674823261,0.35849,-0.43683,0.57221
0.4811724871844501,0.56606,-0.40916,0.55711
0.48142270688657407,0.37088,-0.29484,0.54861
0.4816729265886981,0.31547,-0.25861,0.51821
0.4819231462908221,0.48,-0.28389,0.31711
0.4821733659929461,0.32496,-0.25182,0.15493
0.4824235856950701,0.06364,-0.10718,0.04228
0.48267380539719407,-0.07989,-0.02158,-0.19265
0.4829240250993181,-0.137,0.04173,-0.39173
0.4831742448014421,-0.38831,0.26814,-0.54605
0.4834244645035661,-0.50934,0.41288,-0.64036
0.4836746842056901,-0.27556,0.44299,-0.66671
0.48392490390781406,-0.16564,0.61894,-0.66909
0.4841751236099381,0.01758,0.78656,-0.54585
0.4844253433120621,0.41774,0.74473,-0.40611
0.4846755630141861,0.61395,0.59334,-0.28336
0.4849257827163101,0.67618,0.46065,-0.11972
0.48517600241843406,0.87181,0.24165,-0.02749
0.4854262221205581,0.89446,-0.02865,0.00204
0.48567644182268205,0.73889,-0.14796,-0.02978
0.48592666152480607,0.68845,-0.36689,-0.04298
0.4861768812269301,0.72688,-0.58247,0.027
0.48642710092905406,0.67232,-0.48611,-0.02476
0.4866773206311781,0.45974,-0.42534,-0.13508
0.48692754033330204,0.47563,-0.32925,-0.1438
0.48717776003542607,0.51487,-0.10013,-0.04489
0.4874279797375501,0.48125,0.03733,0.06831
0.48767819943967405,0.5499,0.19092,-0.02579
0.4879284191417981,0.55022,0.22583,-0.06856
0.48817863884392204,0.72778,0.20837,0.08152
0.48842885854604606,0.82915,0.23591,0.16116
0.4886790782481701,0.8318,0.21278,0.18468
0.48892929795029405,0.86501,0.25789,0.15567
0.48917951765241807,0.73291,0.13554,0.23188
0.48942973735454204,0.72945,0.0028,0.37041
0.48967995705666606,0.5543,0.00372,0.33417
0.4899301767587901,0.26692,-0.22704,0.34069
0.49018039646091405,0.20598,-0.37772,0.36798
0.49043061616303807,-0.0119,-0.43816,0.35707
0.49068083586516203,-0.16616,-0.67638,0.37065
0.49093105556728606,-0.12773,-0.74762,0.29496
0.4911812752694101,-0.29269,-0.66871,0.2778
0.49143149497153404,-0.38888,-0.52487,0.26576
0.49168171467365807,-0.16328,-0.33965,0.16076
0.49193193437578203,-0.20871,-0.12986,0.11415
0.49218215407790605,-0.61941,0.26678,0.00081
0.49243237378003,-0.64428,0.42321,-0.09549
0.49268259348215404,-0.52725,0.46995,-0.08708
0.49293281318427806,-0.77227,0.81486,-0.13373
0.49318303288640203,-1.00443,0.92384,-0.20517
0.49343325258852605,-1.25754,0.78222,-0.32988
0.49368347229065,-1.39597,0.69618,-0.38571
0.49393369199277404,-1.3645,0.64472,-0.39819
0.49418391169489806,-1.48492,0.53697,-0.54564
0.494434131397022,-1.37448,0.30874,-0.56624
0.49468435109914605,-1.24453,0.09562,-0.42616
0.49493457080127,-1.01863,-0.12059,-0.30051
0.49518479050339403,-0.42293,-0.14877,-0.31931
0.49543501020551806,-0.13306,-0.18816,-0.45265
0.495685229907642,-0.02429,-0.48003,-0.33251
0.49593544960976604,0.21375,-0.4448,-0.1014
0.49618566931189,0.46022,-0.33356,-0.06021
0.49643588901401403,0.50395,-0.38875,-0.08554
0.49668610871613805,0.2982,-0.34805,-0.0275
0.496936328418262,0.12441,-0.33251,0.20804
0.49718654812038604,0.02713,-0.16724,0.32323
0.49743676782251,-0.098,-0.05768,0.21521
0.49768698752463403,-0.34781,-0.03952,0.24932
0.49793720722675805,-0.46541,0.13021,0.40097
0.498187426928882,-0.50397,0.14773,0.51484
0.49843764663100604,-0.56182,0.16496,0.48534
0.49868786633313,-0.30926,0.18305,0.40649
0.498938086035254,-0.076,0.04145,0.48834
0.49918830573737805,0.04445,0.00486,0.51044
0.499438525439502,0.21973,-0.05472,0.39555
0.49968874514162603,0.33513,-0.15039,0.26987
0.49993896484375,0.50275,-0.11247,0.15739
0.500189184545874,0.37866,-0.09265,0.08671
0.500439404247998,0.11989,-0.01766,-0.01585
0.5006896239501221,0.14516,0.11158,-0.12124
0.500939843652246,-0.18625,0.19615,-0.15447
0.50119006335437,-0.54954,0.34306,-0.20586
0.501440283056494,-0.49246,0.29716,-0.29716
0.501690502758618,-0.60269,0.17471,-0.34701
0.5019407224607421,-0.74098,0.1951,-0.37875
0.502190942162866,-0.58171,-0.04784,-0.3747
0.50244116186499,-0.27952,-0.28383,-0.31863
0.502691381567114,-0.03518,-0.34162,-0.29138
0.502941601269238,0.28601,-0.54831,-0.23051
0.5031918209713621,0.61447,-0.69104,-0.12853
0.503442040673486,0.76306,-0.68131,-0.0163
0.50369226037561,0.97835,-0.59547,0.07123
0.503942480077734,1.11284,-0.51685,0.05966
0.504192699779858,1.05287,-0.39846,0.03878
0.5044429194819819,0.843,-0.19813,0.02155
0.504693139184106,0.62463,-0.01732,-0.01021
0.50494335888623,0.51428,0.32032,-0.11889
0.505193578588354,0.12183,0.58036,-0.27272
0.505443798290478,-0.28442,0.71191,-0.29331
0.5056940179926019,-0.23725,0.91589,-0.27472
0.505944237694726,-0.13824,0.97015,-0.26975
0.50619445739685,-0.13025,1.00577,-0.31714
0.506444677098974,0.02687,0.87021,-0.33319
0.506694896801098,0.21478,0.54482,-0.16235
0.5069451165032219,0.52855,0.36775,-0.02453
0.507195336205346,0.78561,0.0485,0.05762
0.50744555590747,0.68755,-0.32065,0.10926
0.507695775609594,0.77831,-0.64319,0.15983
0.507945995311718,0.97094,-1.00539,0.31908
0.5081962150138419,0.91818,-1.15138,0.36675
0.508446434715966,0.80338,-1.2588,0.32486
0.50869665441809,0.66957,-1.2842,0.30414
0.508946874120214,0.55259,-1.08754,0.31501
0.509197093822338,0.31149,-0.91182,0.36396
0.5094473135244619,0.20812,-0.64272,0.28704
0.509697533226586,0.37797,-0.26082,0.23261
0.50994775292871,0.27263,0.10306,0.30255
0.510197972630834,0.17684,0.4871,0.38643
0.510448192332958,0.3462,0.79609,0.40132
0.5106984120350819,0.24923,1.02506,0.30039
0.510948631737206,0.18723,1.15336,0.33151
0.51119885143933,0.43522,1.04133,0.42282
0.511449071141454,0.35049,0.92749,0.35137
0.511699290843578,-0.03551,0.89608,0.26065
0.5119495105457019,-0.3744,0.46915,0.18327
0.512199730247826,-0.35732,0.20689,0.10202
